1) 0 0 0 0 25 e  in component 0 = 0.0000000
   81BuKaKr.1  10.202584749480256  0.0000005  0.0000000  0 0 0 0 26 e   10.2025847

2) 0 0 0 0 26 e  in component 0 = 10.2025847
   81BuKaKr.1  10.202584749480256  0.0000005  0.0000000  0 0 0 0 25 e   0.0000000

3) 0 0 0 0 27 e  in component 1 = 0.0000000
   81BuKaKr.2  10.98691148527826  0.0000005  0.0000000  0 0 0 0 28 e   10.9869115

4) 0 0 0 0 28 e  in component 1 = 10.9869115
   81BuKaKr.2  10.98691148527826  0.0000005  0.0000000  0 0 0 0 27 e   0.0000000
   81BuKaKr.3  11.379034125001237  0.0000005  0.0000000  0 0 0 0 29 e   22.3659456

5) 0 0 0 0 29 e  in component 1 = 22.3659456
   81BuKaKr.3  11.379034125001237  0.0000005  0.0000000  0 0 0 0 28 e   10.9869115
   81BuKaKr.4  11.771127778004342  0.0000005  0.0000000  0 0 0 0 30 e   34.1370734

6) 0 0 0 0 30 e  in component 1 = 34.1370734
   81BuKaKr.4  11.771127778004342  0.0000005  0.0000000  0 0 0 0 29 e   22.3659456

7) 0 0 0 0 31 e  in component 2 = 0.0000000
   81BuKaKr.5  12.555228657553487  0.0000005  0.0000000  0 0 0 0 32 e   12.5552287

8) 0 0 0 0 32 e  in component 2 = 12.5552287
   81BuKaKr.5  12.555228657553487  0.0000005  0.0000000  0 0 0 0 31 e   0.0000000

9) 0 0 0 0 40 e  in component 3 = 0.0000000
   81BuKaKr.6  16.082034158444372  0.0000005  0.0000000  0 0 0 0 41 e   16.0820342

10) 0 0 0 0 41 e  in component 3 = 16.0820342
   81BuKaKr.6  16.082034158444372  0.0000005  0.0000000  0 0 0 0 40 e   0.0000000
   81BuKaKr.7  16.47371509259249  0.0000005  0.0000000  0 0 0 0 42 e   32.5557493

11) 0 0 0 0 42 e  in component 3 = 32.5557493
   81BuKaKr.7  16.47371509259249  0.0000005  0.0000000  0 0 0 0 41 e   16.0820342

12) 0 0 0 0 0 e  in component 4 = 0.0000000
   87MeDr.1  0.39251828009629247  0.0000020  0.0000000  0 0 0 0 1 e   0.3925183

13) 0 0 0 0 1 e  in component 4 = 0.3925183
   87MeDr.1  0.39251828009629247  0.0000020  0.0000000  0 0 0 0 0 e   0.0000000
   87MeDr.2  0.7850422974950224  0.0000110  0.0000104  0 0 0 0 2 e   1.1775502
   80DuDeBuBo.1  0.7850317568696141  0.0000010  -0.0000001  0 0 0 0 2 e   1.1775502
   52KiTo.1  0.7850320904337094  0.0000023  0.0000002  0 0 0 0 2 e   1.1775502

14) 0 0 0 0 2 e  in component 4 = 1.1775502
   87MeDr.2  0.7850422974950224  0.0000110  0.0000104  0 0 0 0 1 e   0.3925183
   80DuDeBuBo.1  0.7850317568696141  0.0000010  -0.0000001  0 0 0 0 1 e   0.3925183
   52KiTo.1  0.7850320904337094  0.0000023  0.0000002  0 0 0 0 1 e   0.3925183

15) 0 0 0 0 5 e  in component 5 = 0.0000000
   80DuDeBuBo.2  2.3550633151685223  0.0000010  0.0000000  0 0 0 0 6 e   2.3550633

16) 0 0 0 0 6 e  in component 5 = 2.3550633
   80DuDeBuBo.2  2.3550633151685223  0.0000010  0.0000000  0 0 0 0 5 e   0.0000000

17) 0 0 0 0 10 e  in component 6 = 0.0000000
   80DuDeBuBo.3  4.317466185223378  0.0000010  0.0000000  0 0 0 0 11 e   4.3174662

18) 0 0 0 0 11 e  in component 6 = 4.3174662
   80DuDeBuBo.3  4.317466185223378  0.0000010  0.0000000  0 0 0 0 10 e   0.0000000

19) 0 0 0 0 12 e  in component 7 = 0.0000000
   80DuDeBuBo.4  5.102358378875562  0.0000010  0.0000000  0 0 0 0 13 e   5.1023584

20) 0 0 0 0 13 e  in component 7 = 5.1023584
   80DuDeBuBo.4  5.102358378875562  0.0000010  0.0000000  0 0 0 0 12 e   0.0000000

21) 0 1 0 1 25 e  in component 8 = 0.0000000
   81BuKaKr.8  10.215308351753132  0.0000025  0.0000000  0 1 0 1 26 e   10.2153084

22) 0 1 0 1 26 e  in component 8 = 10.2153084
   81BuKaKr.8  10.215308351753132  0.0000025  0.0000000  0 1 0 1 25 e   0.0000000
   81BuKaKr.9  10.607966094997627  0.0000025  -0.0000000  0 1 0 1 27 e   20.8232744

23) 0 1 0 1 27 e  in component 8 = 20.8232744
   81BuKaKr.9  10.607966094997627  0.0000025  -0.0000000  0 1 0 1 26 e   10.2153084

24) 0 1 0 1 28 e  in component 9 = 0.0000000
   81BuKaKr.10  11.393212833926595  0.0000025  -0.0000000  0 1 0 1 29 e   11.3932128

25) 0 1 0 1 29 e  in component 9 = 11.3932128
   81BuKaKr.10  11.393212833926595  0.0000025  -0.0000000  0 1 0 1 28 e   0.0000000
   81BuKaKr.11  11.785795992239404  0.0000025  0.0000000  0 1 0 1 30 e   23.1790088

26) 0 1 0 1 30 e  in component 9 = 23.1790088
   81BuKaKr.11  11.785795992239404  0.0000025  0.0000000  0 1 0 1 29 e   11.3932128
   81BuKaKr.12  12.178345694073464  0.0000025  -0.0000000  0 1 0 1 31 e   35.3573545

27) 0 1 0 1 31 e  in component 9 = 35.3573545
   81BuKaKr.12  12.178345694073464  0.0000025  -0.0000000  0 1 0 1 30 e   23.1790088

28) 0 1 0 1 40 e  in component 10 = 0.0000000
   81BuKaKr.13  16.102003806913647  0.0000025  0.0000000  0 1 0 1 41 e   16.1020038

29) 0 1 0 1 41 e  in component 10 = 16.1020038
   81BuKaKr.13  16.102003806913647  0.0000025  0.0000000  0 1 0 1 40 e   0.0000000
   81BuKaKr.14  16.494163805815287  0.0000025  0.0000000  0 1 0 1 42 e   32.5961676

30) 0 1 0 1 42 e  in component 10 = 32.5961676
   81BuKaKr.14  16.494163805815287  0.0000025  0.0000000  0 1 0 1 41 e   16.1020038

31) 0 1 0 1 25 f  in component 11 = 0.0000000
   81BuKaKr.15  10.225694637054545  0.0000025  -0.0000000  0 1 0 1 26 f   10.2256946

32) 0 1 0 1 26 f  in component 11 = 10.2256946
   81BuKaKr.15  10.225694637054545  0.0000025  -0.0000000  0 1 0 1 25 f   0.0000000
   81BuKaKr.16  10.618752657213278  0.0000025  0.0000000  0 1 0 1 27 f   20.8444473

33) 0 1 0 1 27 f  in component 11 = 20.8444473
   81BuKaKr.16  10.618752657213278  0.0000025  0.0000000  0 1 0 1 26 f   10.2256946
   81BuKaKr.17  11.01178352525466  0.0000025  0.0000000  0 1 0 1 28 f   31.8562308

34) 0 1 0 1 28 f  in component 11 = 31.8562308
   81BuKaKr.17  11.01178352525466  0.0000025  0.0000000  0 1 0 1 27 f   20.8444473
   81BuKaKr.18  11.404790043117096  0.0000025  0.0000000  0 1 0 1 29 f   43.2610209

35) 0 1 0 1 29 f  in component 11 = 43.2610209
   81BuKaKr.18  11.404790043117096  0.0000025  0.0000000  0 1 0 1 28 f   31.8562308

36) 0 1 0 1 30 f  in component 12 = 0.0000000
   81BuKaKr.19  12.19070604504667  0.0000025  0.0000000  0 1 0 1 31 f   12.1907060

37) 0 1 0 1 31 f  in component 12 = 12.1907060
   81BuKaKr.19  12.19070604504667  0.0000025  0.0000000  0 1 0 1 30 f   0.0000000

38) 0 1 0 1 40 f  in component 13 = 0.0000000
   81BuKaKr.20  16.118341042455445  0.0000025  0.0000000  0 1 0 1 41 f   16.1183410

39) 0 1 0 1 41 f  in component 13 = 16.1183410
   81BuKaKr.20  16.118341042455445  0.0000025  0.0000000  0 1 0 1 40 f   0.0000000
   81BuKaKr.21  16.5108945802766  0.0000025  0.0000000  0 1 0 1 42 f   32.6292356

40) 0 1 0 1 42 f  in component 13 = 32.6292356
   81BuKaKr.21  16.5108945802766  0.0000025  0.0000000  0 1 0 1 41 f   16.1183410

