1) 0 0 0 0 6 e  in component 0 = 7.9147389
   90ToHoAl.1  1042.78623  0.0000800  0.0000642  0 2 0 0 5 e   1050.7009047
   90ToHoAl.47  1047.94764  0.0000800  0.0000005  0 2 0 0 7 e   1055.8623784
   85JoHoKaMa.1  517.26824  0.0010000  -0.0100366  0 1 0 1 5 e   525.1930155
   80MaOlSa.26  1691.4607  0.0037000  -0.0011595  2 0 0 0 7 e   1699.3765984

2) 0 2 0 0 5 e  in component 0 = 1050.7009047
   90ToHoAl.1  1042.78623  0.0000800  0.0000642  0 0 0 0 6 e   7.9147389
   90ToHoAl.45  1047.14029  0.0000800  -0.0000000  0 0 0 0 4 e   3.5606147
   84TaItTa.14  1.951753936384884  0.0000017  -0.0000001  0 2 0 0 4 e   1048.7491506
   84TaItTa.15  2.382123368827377  0.0000017  -0.0000001  0 2 0 0 6 e   1053.0830282

3) 0 0 0 0 7 e  in component 0 = 10.6852240
   90ToHoAl.2  1042.39774  0.0000800  -0.0000642  0 2 0 0 6 e   1053.0830282
   85JoHoKaMa.2  516.89549  0.0010000  0.0100367  0 1 0 1 6 e   527.5706772
   90WeScMa.4  2064.5264331499625  0.0002335  0.0000000  0 0 1 0 8 e   2075.2116571
   80MaOlSa.23  1685.9372  0.0037000  -0.0000706  2 0 0 0 6 e   1696.6224946

4) 0 2 0 0 6 e  in component 0 = 1053.0830282
   90ToHoAl.2  1042.39774  0.0000800  -0.0000642  0 0 0 0 7 e   10.6852240
   90ToHoAl.46  1047.5428  0.0000800  0.0003370  0 0 0 0 5 e   5.5405652
   84TaItTa.15  2.382123368827377  0.0000017  -0.0000001  0 2 0 0 5 e   1050.7009047

5) 0 0 0 0 8 e  in component 0 = 13.8518578
   90ToHoAl.3  1042.01052  0.0000800  -0.0000005  0 2 0 0 7 e   1055.8623784
   85JoHoKaMa.28  523.23969  0.0010000  -0.0009177  0 1 0 1 9 e   537.0924655
   80MaOlSa.22  1685.5259  0.0037000  0.0011595  2 0 0 0 7 e   1699.3765984
   80MaOlSa.27  1692.2102  0.0037000  0.0125614  2 0 0 0 9 e   1706.0494964

6) 0 2 0 0 7 e  in component 0 = 1055.8623784
   90ToHoAl.3  1042.01052  0.0000800  -0.0000005  0 0 0 0 8 e   13.8518578
   90ToHoAl.47  1047.94764  0.0000800  0.0000005  0 0 0 0 6 e   7.9147389

7) 0 0 0 0 9 e  in component 0 = 17.4146945
   90ToHoAl.4  1041.62465  0.0000800  -0.0000088  0 2 0 0 8 e   1059.0393533
   90ToHoAl.48  1049.16791  0.0000800  0.0000108  0 2 0 0 10 e   1066.5825937
   85JoHoKaMa.3  516.11103  0.0010000  -0.0003181  0 1 0 1 8 e   533.5260426
   80MaOlSa.21  1685.1097  0.0037000  -0.0000000  2 0 0 0 8 e   1702.5243945

8) 0 2 0 0 8 e  in component 0 = 1059.0393533
   90ToHoAl.4  1041.62465  0.0000800  -0.0000088  0 0 0 0 9 e   17.4146945
   84TaItTa.16  3.5731265460987682  0.0000017  -0.0000000  0 2 0 0 9 e   1062.6124798

9) 0 0 0 0 11 e  in component 0 = 25.7258837
   90ToHoAl.6  1040.85671  0.0000800  0.0000000  0 2 0 0 10 e   1066.5825937
   90ToHoAl.50  1049.98798  0.0000800  -0.0000012  0 2 0 0 12 e   1075.7138649
   85JoHoKaMa.31  524.44313  0.0010000  0.0001888  0 1 0 1 12 e   550.1688249
   81WePeMa.18  852.39739  0.0005300  -0.0000000  1 0 0 0 12 e   878.1232737

10) 0 2 0 0 10 e  in component 0 = 1066.5825937
   90ToHoAl.6  1040.85671  0.0000800  0.0000000  0 0 0 0 11 e   25.7258837
   90ToHoAl.48  1049.16791  0.0000800  0.0000108  0 0 0 0 9 e   17.4146945
   84TaItTa.19  3.970113884586116  0.0000017  -0.0000000  0 2 0 0 9 e   1062.6124798
   84TaItTa.22  4.367093350960817  0.0000017  0.0000000  0 2 0 0 11 e   1070.9496870

11) 0 0 0 0 12 e  in component 0 = 30.4750350
   90ToHoAl.7  1040.47465  0.0000800  -0.0000020  0 2 0 0 11 e   1070.9496870
   90ToHoAl.51  1050.39963  0.0000800  -0.0000004  0 2 0 0 13 e   1080.8746655
   85JoHoKaMa.6  514.93832  0.0010000  -0.0006568  0 1 0 1 11 e   545.4140118
   85JoHoKaMa.32  524.84504  0.0010000  0.0000696  0 1 0 1 13 e   555.3200055
   81WePeMa.19  852.77752  0.0004000  0.0000000  1 0 0 0 13 e   883.2525550
   80MaOlSa.19  1683.8526  0.0037000  0.0133500  2 0 0 0 11 e   1714.3142850

12) 0 2 0 0 11 e  in component 0 = 1070.9496870
   90ToHoAl.7  1040.47465  0.0000800  -0.0000020  0 0 0 0 12 e   30.4750350
   84TaItTa.22  4.367093350960817  0.0000017  0.0000000  0 2 0 0 10 e   1066.5825937

13) 0 0 0 0 13 e  in component 0 = 35.6202261
   90ToHoAl.8  1040.09364  0.0000800  0.0000012  0 2 0 0 12 e   1075.7138649
   90ToHoAl.52  1050.81259  0.0000800  -0.0000000  0 2 0 0 14 e   1086.4328161
   85JoHoKaMa.7  514.54841  0.0010000  -0.0001888  0 1 0 1 12 e   550.1688249
   85JoHoKaMa.33  525.24733  0.0010000  0.0000000  0 1 0 1 14 e   560.8675561
   81WePeMa.20  853.15655  0.0016700  0.0000000  1 0 0 0 14 e   888.7767761
   80MaOlSa.29  1694.0496  0.0037000  0.0000000  2 0 0 0 14 e   1729.6698261

14) 0 2 0 0 12 e  in component 0 = 1075.7138649
   90ToHoAl.8  1040.09364  0.0000800  0.0000012  0 0 0 0 13 e   35.6202261
   90ToHoAl.50  1049.98798  0.0000800  -0.0000012  0 0 0 0 11 e   25.7258837

15) 0 0 0 0 14 e  in component 0 = 41.1608259
   90ToHoAl.9  1039.71384  0.0000800  0.0000004  0 2 0 0 13 e   1080.8746655
   90ToHoAl.53  1051.22692  0.0000800  -0.0000009  0 2 0 0 15 e   1092.3877468
   85JoHoKaMa.8  514.15911  0.0010000  -0.0000696  0 1 0 1 13 e   555.3200055
   85JoHoKaMa.34  525.65048  0.0010000  0.0001791  0 1 0 1 15 e   566.8111268
   80MaOlSa.30  1694.4094  0.0037000  -0.0005109  2 0 0 0 15 e   1735.5707368

16) 0 2 0 0 13 e  in component 0 = 1080.8746655
   90ToHoAl.9  1039.71384  0.0000800  0.0000004  0 0 0 0 14 e   41.1608259
   90ToHoAl.51  1050.39963  0.0000800  -0.0000004  0 0 0 0 12 e   30.4750350

17) 0 0 0 0 15 e  in component 0 = 47.0972461
   90ToHoAl.10  1039.33557  0.0000800  0.0000000  0 2 0 0 14 e   1086.4328161
   90ToHoAl.54  1051.64234  0.0000800  0.0000016  0 2 0 0 16 e   1098.7395845
   85JoHoKaMa.35  526.054  0.0010000  -0.0002334  0 1 0 1 16 e   573.1514795
   90WeScMa.3  2055.2608264748274  0.0003336  0.0000000  0 0 1 0 14 e   2102.3580726
   81WePeMa.21  853.91091  0.0009300  0.0000000  1 0 0 0 16 e   901.0081561
   80MaOlSa.31  1694.7672  0.0037000  -0.0002934  2 0 0 0 16 e   1741.8647395

18) 0 2 0 0 14 e  in component 0 = 1086.4328161
   90ToHoAl.10  1039.33557  0.0000800  0.0000000  0 0 0 0 15 e   47.0972461
   90ToHoAl.52  1050.81259  0.0000800  -0.0000000  0 0 0 0 13 e   35.6202261

19) 0 0 0 0 16 e  in component 0 = 53.4294477
   90ToHoAl.11  1038.9583  0.0000800  0.0000009  0 2 0 0 15 e   1092.3877468
   90ToHoAl.55  1052.05898  0.0000800  -0.0000000  0 2 0 0 17 e   1105.4884277
   85JoHoKaMa.9  513.3815  0.0010000  -0.0001791  0 1 0 1 15 e   566.8111268
   80MaOlSa.18  1682.1418  0.0037000  0.0005109  2 0 0 0 15 e   1735.5707368

20) 0 2 0 0 15 e  in component 0 = 1092.3877468
   90ToHoAl.11  1038.9583  0.0000800  0.0000009  0 0 0 0 16 e   53.4294477
   90ToHoAl.53  1051.22692  0.0000800  -0.0000009  0 0 0 0 14 e   41.1608259

21) 0 0 0 0 17 e  in component 0 = 60.1571329
   90ToHoAl.12  1038.58245  0.0000800  -0.0000016  0 2 0 0 16 e   1098.7395845
   90ToHoAl.56  1052.47693  0.0000800  -0.0000000  0 2 0 0 18 e   1112.6340629
   85JoHoKaMa.10  512.99458  0.0010000  0.0002334  0 1 0 1 16 e   573.1514795
   80MaOlSa.17  1681.7079  0.0037000  0.0002934  2 0 0 0 16 e   1741.8647395

22) 0 2 0 0 16 e  in component 0 = 1098.7395845
   90ToHoAl.12  1038.58245  0.0000800  -0.0000016  0 0 0 0 17 e   60.1571329
   90ToHoAl.54  1051.64234  0.0000800  0.0000016  0 0 0 0 15 e   47.0972461

23) 0 0 0 0 18 e  in component 0 = 67.2805477
   90ToHoAl.13  1038.20788  0.0000800  0.0000000  0 2 0 0 17 e   1105.4884277
   90ToHoAl.57  1052.89611  0.0000800  -0.0000000  0 2 0 0 19 e   1120.1766577
   80MaOlSa.16  1681.2701  0.0037000  0.0000000  2 0 0 0 17 e   1748.5506477

24) 0 2 0 0 17 e  in component 0 = 1105.4884277
   90ToHoAl.13  1038.20788  0.0000800  0.0000000  0 0 0 0 18 e   67.2805477
   90ToHoAl.55  1052.05898  0.0000800  -0.0000000  0 0 0 0 16 e   53.4294477

25) 0 0 0 0 19 e  in component 0 = 74.7996629
   90ToHoAl.14  1037.8344  0.0000800  0.0000000  0 2 0 0 18 e   1112.6340629
   90ToHoAl.58  1053.31641  0.0000800  -0.0000000  0 2 0 0 20 e   1128.1160729
   85JoHoKaMa.12  512.21963  0.0010000  -0.0000000  0 1 0 1 18 e   587.0192929
   85JoHoKaMa.37  527.67251  0.0010000  0.0000550  0 1 0 1 20 e   602.4721179
   90WeScMa.5  2068.8633401177826  0.0004003  0.0000000  0 0 1 0 20 e   2143.6630030
   80MaOlSa.15  1680.8324  0.0037000  0.0000000  2 0 0 0 18 e   1755.6320629
   80MaOlSa.32  1696.1712  0.0037000  -0.0007498  2 0 0 0 20 e   1770.9716127

26) 0 2 0 0 18 e  in component 0 = 1112.6340629
   90ToHoAl.14  1037.8344  0.0000800  0.0000000  0 0 0 0 19 e   74.7996629
   90ToHoAl.56  1052.47693  0.0000800  -0.0000000  0 0 0 0 17 e   60.1571329

27) 0 0 0 0 20 e  in component 0 = 82.7142377
   90ToHoAl.15  1037.46242  0.0000800  0.0000000  0 2 0 0 19 e   1120.1766577
   90ToHoAl.59  1053.73816  0.0000800  -0.0000003  0 2 0 0 21 e   1136.4523980
   85JoHoKaMa.13  511.8331  0.0010000  -0.0000000  0 1 0 1 19 e   594.5473377
   85JoHoKaMa.38  528.07829  0.0010000  0.0001247  0 1 0 1 21 e   610.7924030
   80MaOlSa.33  1696.5166  0.0037000  -0.0011659  2 0 0 0 21 e   1779.2320036

28) 0 2 0 0 19 e  in component 0 = 1120.1766577
   90ToHoAl.15  1037.46242  0.0000800  0.0000000  0 0 0 0 20 e   82.7142377
   90ToHoAl.57  1052.89611  0.0000800  -0.0000000  0 0 0 0 18 e   67.2805477

29) 0 0 0 0 21 e  in component 0 = 91.0243629
   90ToHoAl.16  1037.09171  0.0000800  0.0000000  0 2 0 0 20 e   1128.1160729
   85JoHoKaMa.14  511.4477  0.0010000  -0.0000550  0 1 0 1 20 e   602.4721179
   85JoHoKaMa.39  528.48454  0.0010000  0.0000888  0 1 0 1 22 e   619.5088141
   80MaOlSa.14  1679.948  0.0037000  0.0007502  2 0 0 0 20 e   1770.9716127
   80MaOlSa.34  1696.859  0.0037000  -0.0012170  2 0 0 0 22 e   1787.8845799

30) 0 2 0 0 20 e  in component 0 = 1128.1160729
   90ToHoAl.16  1037.09171  0.0000800  0.0000000  0 0 0 0 21 e   91.0243629
   90ToHoAl.58  1053.31641  0.0000800  -0.0000000  0 0 0 0 19 e   74.7996629

31) 0 0 0 0 22 e  in component 0 = 99.7300682
   90ToHoAl.17  1036.72233  0.0000800  0.0000003  0 2 0 0 21 e   1136.4523980
   85JoHoKaMa.15  511.06221  0.0010000  -0.0001247  0 1 0 1 21 e   610.7924030
   85JoHoKaMa.40  528.89139  0.0010000  0.0000000  0 1 0 1 23 e   628.6214582
   80MaOlSa.13  1679.5031  0.0037000  0.0011646  2 0 0 0 21 e   1779.2320036
   80MaOlSa.35  1697.2026  0.0037000  0.0000000  2 0 0 0 23 e   1796.9326682

32) 0 2 0 0 21 e  in component 0 = 1136.4523980
   90ToHoAl.17  1036.72233  0.0000800  0.0000003  0 0 0 0 22 e   99.7300682
   90ToHoAl.59  1053.73816  0.0000800  -0.0000003  0 0 0 0 20 e   82.7142377

33) 0 0 0 0 23 e  in component 0 = 108.8314953
   90ToHoAl.18  1036.35393  0.0000800  -0.0000000  0 2 0 0 22 e   1145.1854253
   90ToHoAl.60  1055.0105  0.0000800  -0.0000000  0 2 0 0 24 e   1163.8419953
   85JoHoKaMa.16  510.67723  0.0010000  -0.0000888  0 1 0 1 22 e   619.5088141
   85JoHoKaMa.41  529.29811  0.0010000  -0.0000000  0 1 0 1 24 e   638.1296053
   81WePeMa.9  838.3392  0.0016000  -0.0000000  1 0 0 0 22 e   947.1706953
   80MaOlSa.12  1679.0543  0.0037000  0.0012154  2 0 0 0 22 e   1787.8845799

34) 0 2 0 0 22 e  in component 0 = 1145.1854253
   90ToHoAl.18  1036.35393  0.0000800  -0.0000000  0 0 0 0 23 e   108.8314953

35) 0 0 0 0 24 e  in component 0 = 118.3284182
   90ToHoAl.19  1035.98692  0.0000800  0.0000000  0 2 0 0 23 e   1154.3153382
   90ToHoAl.61  1055.43703  0.0000800  0.0000006  0 2 0 0 25 e   1173.7654476
   85JoHoKaMa.17  510.29304  0.0010000  -0.0000000  0 1 0 1 23 e   628.6214582
   80MaOlSa.36  1697.874  0.0037000  -0.0013344  2 0 0 0 25 e   1816.2037526

36) 0 2 0 0 23 e  in component 0 = 1154.3153382
   90ToHoAl.19  1035.98692  0.0000800  0.0000000  0 0 0 0 24 e   118.3284182

37) 0 0 0 0 26 e  in component 0 = 138.5084870
   90ToHoAl.20  1035.25696  0.0000800  -0.0000006  0 2 0 0 25 e   1173.7654476
   85JoHoKaMa.19  509.52577  0.0010000  -0.0000000  0 1 0 1 25 e   648.0342570
   85JoHoKaMa.43  530.52293  0.0010000  0.0000000  0 1 0 1 27 e   669.0314170
   80MaOlSa.11  1677.6966  0.0037000  0.0013344  2 0 0 0 25 e   1816.2037526
   80MaOlSa.37  1698.5382  0.0037000  0.0000000  2 0 0 0 27 e   1837.0466870

38) 0 2 0 0 25 e  in component 0 = 1173.7654476
   90ToHoAl.20  1035.25696  0.0000800  -0.0000006  0 0 0 0 26 e   138.5084870
   90ToHoAl.61  1055.43703  0.0000800  0.0000006  0 0 0 0 24 e   118.3284182

39) 0 0 0 0 27 e  in component 0 = 149.1911375
   90ToHoAl.21  1034.89432  0.0000800  0.0000011  0 2 0 0 26 e   1184.0854564
   85JoHoKaMa.20  509.14299  0.0010000  -0.0001739  0 1 0 1 26 e   658.3343014
   85JoHoKaMa.44  530.93138  0.0010000  0.0000333  0 1 0 1 28 e   680.1224842
   80MaOlSa.10  1677.2406  0.0037000  -0.0000000  2 0 0 0 26 e   1826.4317375
   80MaOlSa.38  1698.8671  0.0037000  -0.0004566  2 0 0 0 28 e   1848.0586942

40) 0 2 0 0 26 e  in component 0 = 1184.0854564
   90ToHoAl.21  1034.89432  0.0000800  0.0000011  0 0 0 0 27 e   149.1911375
   90ToHoAl.62  1055.86504  0.0000800  -0.0000011  0 0 0 0 25 e   128.2204153

41) 0 0 0 0 28 e  in component 0 = 160.2675870
   90ToHoAl.22  1034.53235  0.0000800  0.0000000  0 2 0 0 27 e   1194.7999370
   85JoHoKaMa.45  531.34124  0.0010000  0.0000000  0 1 0 1 29 e   691.6088270
   81WePeMa.7  858.73037  0.0001000  0.0000000  1 0 0 0 29 e   1018.9979570
   80MaOlSa.9  1676.7791  0.0037000  -0.0000000  2 0 0 0 27 e   1837.0466870

42) 0 2 0 0 27 e  in component 0 = 1194.7999370
   90ToHoAl.22  1034.53235  0.0000800  0.0000000  0 0 0 0 28 e   160.2675870

43) 0 0 0 0 29 e  in component 0 = 171.7436508
   90ToHoAl.23  1034.17195  0.0000800  0.0000000  0 2 0 0 28 e   1205.9156008
   85JoHoKaMa.21  508.3788  0.0010000  -0.0000334  0 1 0 1 28 e   680.1224842
   81WePeMa.22  859.0598  0.0026700  0.0000000  1 0 0 0 30 e   1030.8034508
   80MaOlSa.8  1676.3155  0.0037000  0.0004566  2 0 0 0 28 e   1848.0586942
   80MaOlSa.39  1699.5177  0.0037000  -0.0000000  2 0 0 0 30 e   1871.2613508

44) 0 2 0 0 28 e  in component 0 = 1205.9156008
   90ToHoAl.23  1034.17195  0.0000800  0.0000000  0 0 0 0 29 e   171.7436508

45) 0 0 0 0 30 e  in component 0 = 183.6114770
   90ToHoAl.24  1033.81282  0.0000800  -0.0000000  0 2 0 0 29 e   1217.4242970
   85JoHoKaMa.22  507.99735  0.0010000  -0.0000000  0 1 0 1 29 e   691.6088270
   85JoHoKaMa.46  532.16128  0.0010000  0.0002594  0 1 0 1 31 e   715.7724976
   81WePeMa.23  859.41798  0.0004000  -0.0000172  1 0 0 0 31 e   1043.0294742
   80MaOlSa.40  1699.8378  0.0037000  -0.0020756  2 0 0 0 31 e   1883.4513526

46) 0 2 0 0 29 e  in component 0 = 1217.4242970
   90ToHoAl.24  1033.81282  0.0000800  -0.0000000  0 0 0 0 30 e   183.6114770

47) 0 0 0 0 31 e  in component 0 = 195.8767508
   90ToHoAl.25  1033.45517  0.0000800  -0.0000282  0 2 0 0 30 e   1229.3319491
   85JoHoKaMa.23  507.61691  0.0010000  -0.0000000  0 1 0 1 30 e   703.4936608
   90WeScMa.6  2072.856596012165  0.0003336  0.0000000  0 0 1 0 32 e   2268.7333469
   80MaOlSa.7  1675.3846  0.0037000  0.0000000  2 0 0 0 30 e   1871.2613508
   79WePeMa.1  1033.4552178760948  0.0000667  0.0000196  0 2 0 0 30 e   1229.3319491

48) 0 2 0 0 30 e  in component 0 = 1229.3319491
   90ToHoAl.25  1033.45517  0.0000800  -0.0000282  0 0 0 0 31 e   195.8767508
   79WePeMa.1  1033.4552178760948  0.0000667  0.0000196  0 0 0 0 31 e   195.8767508

49) 0 0 0 0 32 e  in component 0 = 208.5356281
   90ToHoAl.26  1033.09871  0.0000800  0.0000000  0 2 0 0 31 e   1241.6343381
   90ToHoAl.63  1058.89609  0.0000800  0.0000000  0 2 0 0 33 e   1267.4317181
   85JoHoKaMa.24  507.23661  0.0010000  -0.0002594  0 1 0 1 31 e   715.7724976
   81WePeMa.8  834.49391  0.0007700  0.0000639  1 0 0 0 31 e   1043.0294742
   81WePeMa.24  860.13181  0.0004000  -0.0000000  1 0 0 0 33 e   1068.6674381
   80MaOlSa.6  1674.9178  0.0037000  0.0020756  2 0 0 0 31 e   1883.4513526

50) 0 2 0 0 31 e  in component 0 = 1241.6343381
   90ToHoAl.26  1033.09871  0.0000800  0.0000000  0 0 0 0 32 e   208.5356281

51) 0 0 0 0 33 e  in component 1 = -1.0000000
   90ToHoAl.27  1032.74377  0.0000800  1032.7437700  0 2 0 0 32 e   -1.0000000
   90ToHoAl.64  1059.33395  0.0000800  1059.3339500  0 2 0 0 34 e   -1.0000000
   85JoHoKaMa.25  506.85706  0.0010000  506.8570600  0 1 0 1 32 e   -1.0000000
   85JoHoKaMa.47  533.3953  0.0010000  533.3953000  0 1 0 1 34 e   -1.0000000
   81WePeMa.25  860.48689  0.0008000  860.4868900  1 0 0 0 34 e   -1.0000000
   80MaOlSa.5  1674.4453  0.0037000  1674.4453000  2 0 0 0 32 e   -1.0000000

52) 0 2 0 0 32 e  in component 1 = -1.0000000
   90ToHoAl.27  1032.74377  0.0000800  1032.7437700  0 0 0 0 33 e   -1.0000000

53) 0 0 0 0 34 e  in component 0 = 235.0418381
   90ToHoAl.28  1032.38988  0.0000800  -0.0000000  0 2 0 0 33 e   1267.4317181
   90ToHoAl.65  1059.77348  0.0000800  0.0000000  0 2 0 0 35 e   1294.8153181
   85JoHoKaMa.26  506.47779  0.0010000  -0.0000000  0 1 0 1 33 e   741.5196281
   85JoHoKaMa.48  533.80725  0.0010000  0.0000000  0 1 0 1 35 e   768.8490881
   81WePeMa.26  860.8407  0.0016700  0.0000000  1 0 0 0 35 e   1095.8825381
   80MaOlSa.4  1673.97  0.0037000  -0.0000000  2 0 0 0 33 e   1909.0118381
   80MaOlSa.41  1701.0994  0.0037000  0.0000000  2 0 0 0 35 e   1936.1412381

54) 0 2 0 0 33 e  in component 0 = 1267.4317181
   90ToHoAl.28  1032.38988  0.0000800  -0.0000000  0 0 0 0 34 e   235.0418381
   90ToHoAl.63  1058.89609  0.0000800  0.0000000  0 0 0 0 32 e   208.5356281

55) 0 0 0 0 36 e  in component 0 = 263.1287181
   90ToHoAl.29  1031.6866  0.0000800  -0.0000000  0 2 0 0 35 e   1294.8153181
   90ToHoAl.67  1060.65608  0.0000800  0.0000007  0 2 0 0 37 e   1323.7847974
   85JoHoKaMa.50  534.63278  0.0010000  0.0000000  0 1 0 1 37 e   797.7614981
   80MaOlSa.43  1701.7133  0.0037000  -0.0015793  2 0 0 0 37 e   1964.8435974

56) 0 2 0 0 35 e  in component 0 = 1294.8153181
   90ToHoAl.29  1031.6866  0.0000800  -0.0000000  0 0 0 0 36 e   263.1287181
   90ToHoAl.65  1059.77348  0.0000800  0.0000000  0 0 0 0 34 e   235.0418381

57) 0 0 0 0 37 e  in component 1 = -1.0000000
   90ToHoAl.30  1031.33695  0.0000800  1031.3369500  0 2 0 0 36 e   -1.0000000
   90ToHoAl.68  1061.09943  0.0000800  1061.0994300  0 2 0 0 38 e   -1.0000000
   85JoHoKaMa.51  535.04635  0.0010000  535.0463500  0 1 0 1 38 e   -1.0000000
   81WePeMa.27  861.8955  0.0010700  861.8955000  1 0 0 0 38 e   -1.0000000
   80MaOlSa.3  1672.5345  0.0037000  1672.5345000  2 0 0 0 36 e   -1.0000000
   80MaOlSa.44  1702.0182  0.0037000  1702.0182000  2 0 0 0 38 e   -1.0000000

58) 0 2 0 0 36 e  in component 1 = -1.0000000
   90ToHoAl.30  1031.33695  0.0000800  1031.3369500  0 0 0 0 37 e   -1.0000000
   90ToHoAl.66  1060.21426  0.0000800  1060.2142600  0 0 0 0 35 e   -1.0000000

59) 0 0 0 0 38 e  in component 0 = 292.7958767
   90ToHoAl.31  1030.98892  0.0000800  -0.0000007  0 2 0 0 37 e   1323.7847974
   90ToHoAl.69  1061.54413  0.0000800  0.0000000  0 2 0 0 39 e   1354.3400067
   85JoHoKaMa.52  535.46042  0.0010000  0.0000000  0 1 0 1 39 e   828.2562967
   81WePeMa.5  862.27371  0.0000700  0.0000000  1 0 0 0 39 e   1155.0695867
   80MaOlSa.2  1672.0493  0.0037000  0.0015793  2 0 0 0 37 e   1964.8435974

60) 0 2 0 0 37 e  in component 0 = 1323.7847974
   90ToHoAl.31  1030.98892  0.0000800  -0.0000007  0 0 0 0 38 e   292.7958767
   90ToHoAl.67  1060.65608  0.0000800  0.0000007  0 0 0 0 36 e   263.1287181

61) 0 0 0 0 39 e  in component 1 = -1.0000000
   90ToHoAl.32  1030.64229  0.0000800  1030.6422900  0 2 0 0 38 e   -1.0000000
   90ToHoAl.70  1061.98993  0.0000800  1061.9899300  0 2 0 0 40 e   -1.0000000
   85JoHoKaMa.53  535.87443  0.0010000  535.8744300  0 1 0 1 40 e   -1.0000000
   80MaOlSa.1  1671.5631  0.0037000  1671.5631000  2 0 0 0 38 e   -1.0000000
   80MaOlSa.45  1702.6203  0.0037000  1702.6203000  2 0 0 0 40 e   -1.0000000

62) 0 2 0 0 38 e  in component 1 = -1.0000000
   90ToHoAl.32  1030.64229  0.0000800  1030.6422900  0 0 0 0 39 e   -1.0000000
   90ToHoAl.68  1061.09943  0.0000800  1061.0994300  0 0 0 0 37 e   -1.0000000

63) 0 0 0 0 40 e  in component 0 = 324.0433767
   90ToHoAl.33  1030.29663  0.0000800  -0.0000000  0 2 0 0 39 e   1354.3400067
   90ToHoAl.71  1062.43691  0.0000800  0.0000000  0 2 0 0 41 e   1386.4802867
   85JoHoKaMa.54  536.28924  0.0010000  0.0000000  0 1 0 1 41 e   860.3326167
   80MaOlSa.46  1702.9176  0.0037000  0.0000000  2 0 0 0 41 e   2026.9609767

64) 0 2 0 0 39 e  in component 0 = 1354.3400067
   90ToHoAl.33  1030.29663  0.0000800  -0.0000000  0 0 0 0 40 e   324.0433767
   90ToHoAl.69  1061.54413  0.0000800  0.0000000  0 0 0 0 38 e   292.7958767

65) 0 0 0 0 41 e  in component 1 = -1.0000000
   90ToHoAl.34  1029.95253  0.0000800  1029.9525300  0 2 0 0 40 e   -1.0000000
   90ToHoAl.72  1062.88568  0.0000800  1062.8856800  0 2 0 0 42 e   -1.0000000
   85JoHoKaMa.55  536.70437  0.0010000  536.7043700  0 1 0 1 42 e   -1.0000000
   81WePeMa.28  863.28259  0.0005300  863.2825900  1 0 0 0 42 e   -1.0000000
   80MaOlSa.47  1703.2116  0.0037000  1703.2116000  2 0 0 0 42 e   -1.0000000

66) 0 2 0 0 40 e  in component 1 = -1.0000000
   90ToHoAl.34  1029.95253  0.0000800  1029.9525300  0 0 0 0 41 e   -1.0000000
   90ToHoAl.70  1061.98993  0.0000800  1061.9899300  0 0 0 0 39 e   -1.0000000

67) 0 0 0 0 42 e  in component 0 = 356.8705267
   90ToHoAl.35  1029.60976  0.0000800  -0.0000000  0 2 0 0 41 e   1386.4802867
   90ToHoAl.73  1063.33569  0.0000800  0.0000000  0 2 0 0 43 e   1420.2062167
   85JoHoKaMa.56  537.12024  0.0010000  0.0000000  0 1 0 1 43 e   893.9907667
   90WeScMa.2  2042.797023933137  0.0002669  -0.0000000  0 0 1 0 41 e   2399.6675506
   80MaOlSa.48  1703.5028  0.0037000  -0.0000000  2 0 0 0 43 e   2060.3733267

68) 0 2 0 0 41 e  in component 0 = 1386.4802867
   90ToHoAl.35  1029.60976  0.0000800  -0.0000000  0 0 0 0 42 e   356.8705267
   90ToHoAl.71  1062.43691  0.0000800  0.0000000  0 0 0 0 40 e   324.0433767

69) 0 0 0 0 43 e  in component 1 = -1.0000000
   90ToHoAl.36  1029.26845  0.0000800  1029.2684500  0 2 0 0 42 e   -1.0000000
   90ToHoAl.74  1063.78698  0.0000800  1063.7869800  0 2 0 0 44 e   -1.0000000

70) 0 2 0 0 42 e  in component 1 = -1.0000000
   90ToHoAl.36  1029.26845  0.0000800  1029.2684500  0 0 0 0 43 e   -1.0000000
   90ToHoAl.72  1062.88568  0.0000800  1062.8856800  0 0 0 0 41 e   -1.0000000

71) 0 0 0 0 45 e  in component 1 = -1.0000000
   90ToHoAl.37  1028.59014  0.0000800  1028.5901400  0 2 0 0 44 e   -1.0000000
   90ToHoAl.76  1064.6935  0.0000800  1064.6935000  0 2 0 0 46 e   -1.0000000
   90WeScMa.7  2077.0775327510073  0.0003336  2077.0775328  0 0 1 0 46 e   -1.0000000
   80MaOlSa.50  1704.3631  0.0037000  1704.3631000  2 0 0 0 46 e   -1.0000000

72) 0 2 0 0 44 e  in component 1 = -1.0000000
   90ToHoAl.37  1028.59014  0.0000800  1028.5901400  0 0 0 0 45 e   -1.0000000
   90ToHoAl.74  1063.78698  0.0000800  1063.7869800  0 0 0 0 43 e   -1.0000000

73) 0 0 0 0 46 e  in component 2 = -1.0000000
   90ToHoAl.38  1028.25332  0.0000800  1028.2533200  0 2 0 0 45 e   -1.0000000
   85JoHoKaMa.57  538.78692  0.0010000  538.7869200  0 1 0 1 47 e   -1.0000000

74) 0 2 0 0 45 e  in component 2 = -1.0000000
   90ToHoAl.38  1028.25332  0.0000800  1028.2533200  0 0 0 0 46 e   -1.0000000
   90ToHoAl.75  1064.23921  0.0000800  1064.2392100  0 0 0 0 44 e   -1.0000000

75) 0 0 0 0 47 e  in component 1 = -1.0000000
   90ToHoAl.39  1027.91758  0.0000800  1027.9175800  0 2 0 0 46 e   -1.0000000
   90ToHoAl.77  1065.60536  0.0000800  1065.6053600  0 2 0 0 48 e   -1.0000000
   85JoHoKaMa.58  539.20463  0.0010000  539.2046300  0 1 0 1 48 e   -1.0000000
   80MaOlSa.51  1704.9253  0.0037000  1704.9253000  2 0 0 0 48 e   -1.0000000

76) 0 2 0 0 46 e  in component 1 = -1.0000000
   90ToHoAl.39  1027.91758  0.0000800  1027.9175800  0 0 0 0 47 e   -1.0000000
   90ToHoAl.76  1064.6935  0.0000800  1064.6935000  0 0 0 0 45 e   -1.0000000

77) 0 0 0 0 48 e  in component 3 = -1.0000000
   90ToHoAl.40  1027.58369  0.0000800  1027.5836900  0 2 0 0 47 e   -1.0000000
   90ToHoAl.78  1066.06357  0.0000800  1066.0635700  0 2 0 0 49 e   -1.0000000
   85JoHoKaMa.59  539.62281  0.0010000  539.6228100  0 1 0 1 49 e   -1.0000000
   80MaOlSa.52  1705.2033  0.0037000  1705.2033000  2 0 0 0 49 e   -1.0000000

78) 0 2 0 0 47 e  in component 3 = -1.0000000
   90ToHoAl.40  1027.58369  0.0000800  1027.5836900  0 0 0 0 48 e   -1.0000000

79) 0 0 0 0 52 e  in component 4 = -1.0000000
   90ToHoAl.41  1026.26162  0.0000800  1026.2616200  0 2 0 0 51 e   -1.0000000
   90ToHoAl.80  1067.90956  0.0000800  1067.9095600  0 2 0 0 53 e   -1.0000000
   80MaOlSa.55  1706.2897  0.0037000  1706.2897000  2 0 0 0 53 e   -1.0000000

80) 0 2 0 0 51 e  in component 4 = -1.0000000
   90ToHoAl.41  1026.26162  0.0000800  1026.2616200  0 0 0 0 52 e   -1.0000000

81) 0 0 0 0 53 e  in component 5 = -1.0000000
   90ToHoAl.42  1025.93506  0.0000800  1025.9350600  0 2 0 0 52 e   -1.0000000
   90ToHoAl.81  1068.37498  0.0000800  1068.3749800  0 2 0 0 54 e   -1.0000000
   85JoHoKaMa.60  542.14167  0.0010000  542.1416700  0 1 0 1 54 e   -1.0000000
   90WeScMa.1  2037.230669758877  0.0001334  2037.2306698  0 0 1 0 52 e   -1.0000000
   80MaOlSa.56  1706.5492  0.0037000  1706.5492000  2 0 0 0 54 e   -1.0000000

82) 0 2 0 0 52 e  in component 5 = -1.0000000
   90ToHoAl.42  1025.93506  0.0000800  1025.9350600  0 0 0 0 53 e   -1.0000000

83) 0 0 0 0 56 e  in component 6 = -1.0000000
   90ToHoAl.43  1024.9639  0.0000800  1024.9639000  0 2 0 0 55 e   -1.0000000
   90ToHoAl.83  1069.77812  0.0000800  1069.7781200  0 2 0 0 57 e   -1.0000000

84) 0 2 0 0 55 e  in component 6 = -1.0000000
   90ToHoAl.43  1024.9639  0.0000800  1024.9639000  0 0 0 0 56 e   -1.0000000
   90ToHoAl.82  1068.84085  0.0000800  1068.8408500  0 0 0 0 54 e   -1.0000000

85) 0 0 0 0 3 e  in component 0 = 2.0109335
   90ToHoAl.44  1046.73788  0.0000800  -0.0003371  0 2 0 0 4 e   1048.7491506
   81WePeMa.14  849.31029  0.0004000  0.0084266  1 0 0 0 4 e   851.3127970

86) 0 2 0 0 4 e  in component 0 = 1048.7491506
   90ToHoAl.44  1046.73788  0.0000800  -0.0003371  0 0 0 0 3 e   2.0109335
   84TaItTa.13  1.5880924529462312  0.0000017  -0.0000000  0 2 0 0 3 e   1047.1610582
   84TaItTa.14  1.951753936384884  0.0000017  -0.0000001  0 2 0 0 5 e   1050.7009047

87) 0 0 0 0 4 e  in component 0 = 3.5606147
   90ToHoAl.45  1047.14029  0.0000800  -0.0000000  0 2 0 0 5 e   1050.7009047
   81WePeMa.11  846.15071  0.0026700  0.0000000  1 0 0 0 3 e   849.7113247
   81WePeMa.15  849.7005  0.0010000  0.0000000  1 0 0 0 5 e   853.2611147

88) 0 0 0 0 5 e  in component 0 = 5.5405652
   90ToHoAl.46  1047.5428  0.0000800  0.0003370  0 2 0 0 6 e   1053.0830282
   81WePeMa.10  845.74859  0.0006700  -0.0236418  1 0 0 0 4 e   851.3127970
   81WePeMa.16  850.0898  0.0026700  0.0000000  1 0 0 0 6 e   855.6303652
   80MaOlSa.25  1691.082  0.0037000  0.0000706  2 0 0 0 6 e   1696.6224946

89) 0 2 0 0 24 e  in component 0 = 1163.8419953
   90ToHoAl.60  1055.0105  0.0000800  -0.0000000  0 0 0 0 23 e   108.8314953

90) 0 0 0 0 25 e  in component 0 = 128.2204153
   90ToHoAl.62  1055.86504  0.0000800  -0.0000011  0 2 0 0 26 e   1184.0854564
   85JoHoKaMa.18  509.90919  0.0010000  0.0000000  0 1 0 1 24 e   638.1296053
   85JoHoKaMa.42  530.11406  0.0010000  0.0001739  0 1 0 1 26 e   658.3343014

91) 0 2 0 0 34 e  in component 1 = -1.0000000
   90ToHoAl.64  1059.33395  0.0000800  1059.3339500  0 0 0 0 33 e   -1.0000000

92) 0 0 0 0 35 e  in component 1 = -1.0000000
   90ToHoAl.66  1060.21426  0.0000800  1060.2142600  0 2 0 0 36 e   -1.0000000
   85JoHoKaMa.27  506.09844  0.0010000  506.0984400  0 1 0 1 34 e   -1.0000000
   85JoHoKaMa.49  534.21975  0.0010000  534.2197500  0 1 0 1 36 e   -1.0000000
   81WePeMa.6  861.22443  0.0000700  861.2244300  1 0 0 0 36 e   -1.0000000
   80MaOlSa.42  1701.4077  0.0037000  1701.4077000  2 0 0 0 36 e   -1.0000000

93) 0 2 0 0 43 e  in component 0 = 1420.2062167
   90ToHoAl.73  1063.33569  0.0000800  0.0000000  0 0 0 0 42 e   356.8705267

94) 0 0 0 0 44 e  in component 2 = -1.0000000
   90ToHoAl.75  1064.23921  0.0000800  1064.2392100  0 2 0 0 45 e   -1.0000000
   81WePeMa.4  864.33363  0.0001000  864.3336300  1 0 0 0 45 e   -1.0000000
   80MaOlSa.49  1704.0792  0.0037000  1704.0792000  2 0 0 0 45 e   -1.0000000

95) 0 2 0 0 48 e  in component 1 = -1.0000000
   90ToHoAl.77  1065.60536  0.0000800  1065.6053600  0 0 0 0 47 e   -1.0000000

96) 0 2 0 0 49 e  in component 3 = -1.0000000
   90ToHoAl.78  1066.06357  0.0000800  1066.0635700  0 0 0 0 48 e   -1.0000000

97) 0 0 0 0 49 e  in component 7 = -1.0000000
   90ToHoAl.79  1066.52276  0.0000800  1066.5227600  0 2 0 0 50 e   -1.0000000
   80MaOlSa.53  1705.4789  0.0037000  1705.4789000  2 0 0 0 50 e   -1.0000000

98) 0 2 0 0 50 e  in component 7 = -1.0000000
   90ToHoAl.79  1066.52276  0.0000800  1066.5227600  0 0 0 0 49 e   -1.0000000

99) 0 2 0 0 53 e  in component 4 = -1.0000000
   90ToHoAl.80  1067.90956  0.0000800  1067.9095600  0 0 0 0 52 e   -1.0000000

100) 0 2 0 0 54 e  in component 5 = -1.0000000
   90ToHoAl.81  1068.37498  0.0000800  1068.3749800  0 0 0 0 53 e   -1.0000000

101) 0 0 0 0 54 e  in component 6 = -1.0000000
   90ToHoAl.82  1068.84085  0.0000800  1068.8408500  0 2 0 0 55 e   -1.0000000

102) 0 2 0 0 57 e  in component 6 = -1.0000000
   90ToHoAl.83  1069.77812  0.0000800  1069.7781200  0 0 0 0 56 e   -1.0000000

103) 0 0 0 0 57 e  in component 8 = -1.0000000
   90ToHoAl.84  1070.24926  0.0000800  1070.2492600  0 2 0 0 58 e   -1.0000000

104) 0 2 0 0 58 e  in component 8 = -1.0000000
   90ToHoAl.84  1070.24926  0.0000800  1070.2492600  0 0 0 0 57 e   -1.0000000

105) 0 0 0 0 58 e  in component 9 = -1.0000000
   90ToHoAl.85  1070.721  0.0000800  1070.7210000  0 2 0 0 59 e   -1.0000000
   81WePeMa.30  868.95898  0.0010700  868.9589800  1 0 0 0 59 e   -1.0000000
   80MaOlSa.57  1707.8386  0.0037000  1707.8386000  2 0 0 0 59 e   -1.0000000

106) 0 2 0 0 59 e  in component 9 = -1.0000000
   90ToHoAl.85  1070.721  0.0000800  1070.7210000  0 0 0 0 58 e   -1.0000000

107) 0 1 0 1 5 e  in component 0 = 525.1930155
   85JoHoKaMa.1  517.26824  0.0010000  -0.0100366  0 0 0 0 6 e   7.9147389
   84TaItTa.3  1.9480373318797766  0.0000017  -0.0000000  0 1 0 1 4 e   523.2449782
   84TaItTa.5  2.3776616822028256  0.0000017  -0.0000000  0 1 0 1 6 e   527.5706772

108) 0 1 0 1 6 e  in component 0 = 527.5706772
   85JoHoKaMa.2  516.89549  0.0010000  0.0100367  0 0 0 0 7 e   10.6852240
   84TaItTa.5  2.3776616822028256  0.0000017  -0.0000000  0 1 0 1 5 e   525.1930155

109) 0 1 0 1 8 e  in component 0 = 533.5260426
   85JoHoKaMa.3  516.11103  0.0010000  -0.0003181  0 0 0 0 9 e   17.4146945
   84TaItTa.7  3.5664229084775707  0.0000017  -0.0000000  0 1 0 1 9 e   537.0924655

110) 0 0 0 0 10 e  in component 0 = 21.3436350
   85JoHoKaMa.4  515.7796  0.0010000  0.0307695  0 1 0 1 9 e   537.0924655
   85JoHoKaMa.30  524.0415  0.0010000  -0.0288768  0 1 0 1 11 e   545.4140118
   81WePeMa.17  852.0134  0.0025400  0.0000000  1 0 0 0 11 e   873.3570350
   80MaOlSa.20  1684.6933  0.0037000  -0.0125614  2 0 0 0 9 e   1706.0494964
   80MaOlSa.28  1692.9573  0.0037000  -0.0133500  2 0 0 0 11 e   1714.3142850

111) 0 1 0 1 9 e  in component 0 = 537.0924655
   85JoHoKaMa.4  515.7796  0.0010000  0.0307695  0 0 0 0 10 e   21.3436350
   85JoHoKaMa.28  523.23969  0.0010000  -0.0009177  0 0 0 0 8 e   13.8518578
   84TaItTa.7  3.5664229084775707  0.0000017  -0.0000000  0 1 0 1 8 e   533.5260426
   84TaItTa.9  3.962660394878913  0.0000017  0.0000001  0 1 0 1 10 e   541.0551258

112) 0 1 0 1 11 e  in component 0 = 545.4140118
   85JoHoKaMa.6  514.93832  0.0010000  -0.0006568  0 0 0 0 12 e   30.4750350
   85JoHoKaMa.30  524.0415  0.0010000  -0.0288768  0 0 0 0 10 e   21.3436350
   84TaItTa.11  4.358886073111286  0.0000017  0.0000001  0 1 0 1 10 e   541.0551258
   83WePeMa.6  845.7758133461783  0.0000007  0.0000000  1 1 0 1 12 e   1391.1898252

113) 0 1 0 1 12 e  in component 0 = 550.1688249
   85JoHoKaMa.7  514.54841  0.0010000  -0.0001888  0 0 0 0 13 e   35.6202261
   85JoHoKaMa.31  524.44313  0.0010000  0.0001888  0 0 0 0 11 e   25.7258837

114) 0 1 0 1 13 e  in component 0 = 555.3200055
   85JoHoKaMa.8  514.15911  0.0010000  -0.0000696  0 0 0 0 14 e   41.1608259
   85JoHoKaMa.32  524.84504  0.0010000  0.0000696  0 0 0 0 12 e   30.4750350

115) 0 1 0 1 15 e  in component 0 = 566.8111268
   85JoHoKaMa.9  513.3815  0.0010000  -0.0001791  0 0 0 0 16 e   53.4294477
   85JoHoKaMa.34  525.65048  0.0010000  0.0001791  0 0 0 0 14 e   41.1608259

116) 0 1 0 1 16 e  in component 0 = 573.1514795
   85JoHoKaMa.10  512.99458  0.0010000  0.0002334  0 0 0 0 17 e   60.1571329
   85JoHoKaMa.35  526.054  0.0010000  -0.0002334  0 0 0 0 15 e   47.0972461

117) 0 1 0 1 18 e  in component 0 = 587.0192929
   85JoHoKaMa.12  512.21963  0.0010000  -0.0000000  0 0 0 0 19 e   74.7996629
   83WePeMa.7  848.4258133004801  0.0000007  0.0000000  1 1 0 1 19 e   1435.4451062

118) 0 1 0 1 19 e  in component 0 = 594.5473377
   85JoHoKaMa.13  511.8331  0.0010000  -0.0000000  0 0 0 0 20 e   82.7142377
   83WePeMa.8  848.7998053640162  0.0000024  -0.0000000  1 1 0 1 20 e   1443.3471431

119) 0 1 0 1 20 e  in component 0 = 602.4721179
   85JoHoKaMa.14  511.4477  0.0010000  -0.0000550  0 0 0 0 21 e   91.0243629
   85JoHoKaMa.37  527.67251  0.0010000  0.0000550  0 0 0 0 19 e   74.7996629

120) 0 1 0 1 21 e  in component 0 = 610.7924030
   85JoHoKaMa.15  511.06221  0.0010000  -0.0001247  0 0 0 0 22 e   99.7300682
   85JoHoKaMa.38  528.07829  0.0010000  0.0001247  0 0 0 0 20 e   82.7142377

121) 0 1 0 1 22 e  in component 0 = 619.5088141
   85JoHoKaMa.16  510.67723  0.0010000  -0.0000888  0 0 0 0 23 e   108.8314953
   85JoHoKaMa.39  528.48454  0.0010000  0.0000888  0 0 0 0 21 e   91.0243629
   83WePeMa.9  849.9157106880921  0.0000010  0.0000000  1 1 0 1 23 e   1469.4245248

122) 0 1 0 1 23 e  in component 0 = 628.6214582
   85JoHoKaMa.17  510.29304  0.0010000  -0.0000000  0 0 0 0 24 e   118.3284182
   85JoHoKaMa.40  528.89139  0.0010000  0.0000000  0 0 0 0 22 e   99.7300682

123) 0 1 0 1 24 e  in component 0 = 638.1296053
   85JoHoKaMa.18  509.90919  0.0010000  0.0000000  0 0 0 0 25 e   128.2204153
   85JoHoKaMa.41  529.29811  0.0010000  -0.0000000  0 0 0 0 23 e   108.8314953

124) 0 1 0 1 25 e  in component 0 = 648.0342570
   85JoHoKaMa.19  509.52577  0.0010000  -0.0000000  0 0 0 0 26 e   138.5084870

125) 0 1 0 1 26 e  in component 0 = 658.3343014
   85JoHoKaMa.20  509.14299  0.0010000  -0.0001739  0 0 0 0 27 e   149.1911375
   85JoHoKaMa.42  530.11406  0.0010000  0.0001739  0 0 0 0 25 e   128.2204153

126) 0 1 0 1 28 e  in component 0 = 680.1224842
   85JoHoKaMa.21  508.3788  0.0010000  -0.0000334  0 0 0 0 29 e   171.7436508
   85JoHoKaMa.44  530.93138  0.0010000  0.0000333  0 0 0 0 27 e   149.1911375
   83WePeMa.10  852.1139981446764  0.0000020  0.0000000  1 1 0 1 29 e   1532.2364823

127) 0 1 0 1 29 e  in component 0 = 691.6088270
   85JoHoKaMa.22  507.99735  0.0010000  -0.0000000  0 0 0 0 30 e   183.6114770
   85JoHoKaMa.45  531.34124  0.0010000  0.0000000  0 0 0 0 28 e   160.2675870

128) 0 1 0 1 30 e  in component 0 = 703.4936608
   85JoHoKaMa.23  507.61691  0.0010000  -0.0000000  0 0 0 0 31 e   195.8767508

129) 0 1 0 1 31 e  in component 0 = 715.7724976
   85JoHoKaMa.24  507.23661  0.0010000  -0.0002594  0 0 0 0 32 e   208.5356281
   85JoHoKaMa.46  532.16128  0.0010000  0.0002594  0 0 0 0 30 e   183.6114770

130) 0 1 0 1 32 e  in component 1 = -1.0000000
   85JoHoKaMa.25  506.85706  0.0010000  506.8570600  0 0 0 0 33 e   -1.0000000

131) 0 1 0 1 33 e  in component 0 = 741.5196281
   85JoHoKaMa.26  506.47779  0.0010000  -0.0000000  0 0 0 0 34 e   235.0418381

132) 0 1 0 1 34 e  in component 1 = -1.0000000
   85JoHoKaMa.27  506.09844  0.0010000  506.0984400  0 0 0 0 35 e   -1.0000000
   85JoHoKaMa.47  533.3953  0.0010000  533.3953000  0 0 0 0 33 e   -1.0000000

133) 0 1 0 1 14 e  in component 0 = 560.8675561
   85JoHoKaMa.33  525.24733  0.0010000  0.0000000  0 0 0 0 13 e   35.6202261

134) 0 1 0 1 27 e  in component 0 = 669.0314170
   85JoHoKaMa.43  530.52293  0.0010000  0.0000000  0 0 0 0 26 e   138.5084870

135) 0 1 0 1 35 e  in component 0 = 768.8490881
   85JoHoKaMa.48  533.80725  0.0010000  0.0000000  0 0 0 0 34 e   235.0418381

136) 0 1 0 1 36 e  in component 1 = -1.0000000
   85JoHoKaMa.49  534.21975  0.0010000  534.2197500  0 0 0 0 35 e   -1.0000000

137) 0 1 0 1 37 e  in component 0 = 797.7614981
   85JoHoKaMa.50  534.63278  0.0010000  0.0000000  0 0 0 0 36 e   263.1287181

138) 0 1 0 1 38 e  in component 1 = -1.0000000
   85JoHoKaMa.51  535.04635  0.0010000  535.0463500  0 0 0 0 37 e   -1.0000000

139) 0 1 0 1 39 e  in component 0 = 828.2562967
   85JoHoKaMa.52  535.46042  0.0010000  0.0000000  0 0 0 0 38 e   292.7958767

140) 0 1 0 1 40 e  in component 1 = -1.0000000
   85JoHoKaMa.53  535.87443  0.0010000  535.8744300  0 0 0 0 39 e   -1.0000000

141) 0 1 0 1 41 e  in component 0 = 860.3326167
   85JoHoKaMa.54  536.28924  0.0010000  0.0000000  0 0 0 0 40 e   324.0433767

142) 0 1 0 1 42 e  in component 1 = -1.0000000
   85JoHoKaMa.55  536.70437  0.0010000  536.7043700  0 0 0 0 41 e   -1.0000000

143) 0 1 0 1 43 e  in component 0 = 893.9907667
   85JoHoKaMa.56  537.12024  0.0010000  0.0000000  0 0 0 0 42 e   356.8705267

144) 0 1 0 1 47 e  in component 2 = -1.0000000
   85JoHoKaMa.57  538.78692  0.0010000  538.7869200  0 0 0 0 46 e   -1.0000000

145) 0 1 0 1 48 e  in component 1 = -1.0000000
   85JoHoKaMa.58  539.20463  0.0010000  539.2046300  0 0 0 0 47 e   -1.0000000

146) 0 1 0 1 49 e  in component 3 = -1.0000000
   85JoHoKaMa.59  539.62281  0.0010000  539.6228100  0 0 0 0 48 e   -1.0000000

147) 0 1 0 1 54 e  in component 5 = -1.0000000
   85JoHoKaMa.60  542.14167  0.0010000  542.1416700  0 0 0 0 53 e   -1.0000000

148) 0 1 0 1 3 e  in component 0 = 521.6598568
   84TaItTa.1  1.5851213641938917  0.0000017  -0.0000000  0 1 0 1 4 e   523.2449782
   67MoMa.8  1.188844450516497  0.0000020  -0.0000000  0 1 0 1 2 e   520.4710124

149) 0 1 0 1 4 e  in component 0 = 523.2449782
   84TaItTa.1  1.5851213641938917  0.0000017  -0.0000000  0 1 0 1 3 e   521.6598568
   84TaItTa.3  1.9480373318797766  0.0000017  -0.0000000  0 1 0 1 5 e   525.1930155

150) 0 1 0 1 3 f  in component 10 = -1.0000000
   84TaItTa.2  1.5874073790075132  0.0000017  1.5874074  0 1 0 1 4 f   -1.0000000
   67MoMa.9  1.1900559553102568  0.0000020  1.1900560  0 1 0 1 2 f   -1.0000000

151) 0 1 0 1 4 f  in component 10 = -1.0000000
   84TaItTa.2  1.5874073790075132  0.0000017  1.5874074  0 1 0 1 3 f   -1.0000000
   84TaItTa.4  1.9500626329965913  0.0000017  1.9500626  0 1 0 1 5 f   -1.0000000

152) 0 1 0 1 5 f  in component 10 = -1.0000000
   84TaItTa.4  1.9500626329965913  0.0000017  1.9500626  0 1 0 1 4 f   -1.0000000
   84TaItTa.6  2.380090962795335  0.0000017  2.3800910  0 1 0 1 6 f   -1.0000000

153) 0 1 0 1 6 f  in component 10 = -1.0000000
   84TaItTa.6  2.380090962795335  0.0000017  2.3800910  0 1 0 1 5 f   -1.0000000

154) 0 1 0 1 8 f  in component 11 = -1.0000000
   84TaItTa.8  3.570066729297106  0.0000017  3.5700667  0 1 0 1 9 f   -1.0000000

155) 0 1 0 1 9 f  in component 11 = -1.0000000
   84TaItTa.8  3.570066729297106  0.0000017  3.5700667  0 1 0 1 8 f   -1.0000000
   84TaItTa.10  3.9667085287382378  0.0000017  3.9667085  0 1 0 1 10 f   -1.0000000

156) 0 1 0 1 10 e  in component 0 = 541.0551258
   84TaItTa.9  3.962660394878913  0.0000017  0.0000001  0 1 0 1 9 e   537.0924655
   84TaItTa.11  4.358886073111286  0.0000017  0.0000001  0 1 0 1 11 e   545.4140118

157) 0 1 0 1 10 f  in component 11 = -1.0000000
   84TaItTa.10  3.9667085287382378  0.0000017  3.9667085  0 1 0 1 9 f   -1.0000000
   84TaItTa.12  4.3631408165711765  0.0000017  4.3631408  0 1 0 1 11 f   -1.0000000

158) 0 1 0 1 11 f  in component 11 = -1.0000000
   84TaItTa.12  4.3631408165711765  0.0000017  4.3631408  0 1 0 1 10 f   -1.0000000
   83WePeMa.12  845.7831851126822  0.0000007  845.7831851  1 1 0 1 12 f   -1.0000000

159) 0 2 0 0 3 e  in component 0 = 1047.1610582
   84TaItTa.13  1.5880924529462312  0.0000017  -0.0000000  0 2 0 0 4 e   1048.7491506
   67MoMa.10  1.1910739929288015  0.0000020  0.0000000  0 2 0 0 2 e   1045.9699842

160) 0 2 0 0 9 e  in component 0 = 1062.6124798
   84TaItTa.16  3.5731265460987682  0.0000017  -0.0000000  0 2 0 0 8 e   1059.0393533
   84TaItTa.19  3.970113884586116  0.0000017  -0.0000000  0 2 0 0 10 e   1066.5825937

161) 0 2 0 2 8 e  in component 12 = -1.0000000
   84TaItTa.17  3.5743671043252196  0.0000017  3.5743671  0 2 0 2 9 e   -1.0000000

162) 0 2 0 2 9 e  in component 12 = -1.0000000
   84TaItTa.17  3.5743671043252196  0.0000017  3.5743671  0 2 0 2 8 e   -1.0000000
   84TaItTa.20  3.9714806634661906  0.0000017  3.9714807  0 2 0 2 10 e   -1.0000000

163) 0 2 0 2 8 f  in component 13 = -1.0000000
   84TaItTa.18  3.5743886525657693  0.0000017  3.5743887  0 2 0 2 9 f   -1.0000000

164) 0 2 0 2 9 f  in component 13 = -1.0000000
   84TaItTa.18  3.5743886525657693  0.0000017  3.5743887  0 2 0 2 8 f   -1.0000000
   84TaItTa.21  3.9715100504629772  0.0000017  3.9715101  0 2 0 2 10 f   -1.0000000

165) 0 2 0 2 10 e  in component 12 = -1.0000000
   84TaItTa.20  3.9714806634661906  0.0000017  3.9714807  0 2 0 2 9 e   -1.0000000
   84TaItTa.23  4.368582381081781  0.0000017  4.3685824  0 2 0 2 11 e   -1.0000000

166) 0 2 0 2 10 f  in component 13 = -1.0000000
   84TaItTa.21  3.9715100504629772  0.0000017  3.9715101  0 2 0 2 9 f   -1.0000000
   84TaItTa.24  4.368621341368101  0.0000017  4.3686213  0 2 0 2 11 f   -1.0000000

167) 0 2 0 2 11 e  in component 12 = -1.0000000
   84TaItTa.23  4.368582381081781  0.0000017  4.3685824  0 2 0 2 10 e   -1.0000000

168) 0 2 0 2 11 f  in component 13 = -1.0000000
   84TaItTa.24  4.368621341368101  0.0000017  4.3686213  0 2 0 2 10 f   -1.0000000

169) 0 3 0 1 3 e  in component 14 = -1.0000000
   84TaItTa.25  1.588744470683115  0.0000017  1.5887445  0 3 0 1 4 e   -1.0000000

170) 0 3 0 1 4 e  in component 14 = -1.0000000
   84TaItTa.25  1.588744470683115  0.0000017  1.5887445  0 3 0 1 3 e   -1.0000000
   84TaItTa.27  1.985923942089297  0.0000017  1.9859239  0 3 0 1 5 e   -1.0000000

171) 0 3 0 1 3 f  in component 15 = -1.0000000
   84TaItTa.26  1.5919046569210222  0.0000017  1.5919047  0 3 0 1 4 f   -1.0000000

172) 0 3 0 1 4 f  in component 15 = -1.0000000
   84TaItTa.26  1.5919046569210222  0.0000017  1.5919047  0 3 0 1 3 f   -1.0000000
   84TaItTa.28  1.9898737078969477  0.0000017  1.9898737  0 3 0 1 5 f   -1.0000000

173) 0 3 0 1 5 e  in component 14 = -1.0000000
   84TaItTa.27  1.985923942089297  0.0000017  1.9859239  0 3 0 1 4 e   -1.0000000
   84TaItTa.29  2.3830978763314987  0.0000017  2.3830979  0 3 0 1 6 e   -1.0000000

174) 0 3 0 1 5 f  in component 15 = -1.0000000
   84TaItTa.28  1.9898737078969477  0.0000017  1.9898737  0 3 0 1 4 f   -1.0000000
   84TaItTa.30  2.3878390229550073  0.0000017  2.3878390  0 3 0 1 6 f   -1.0000000

175) 0 3 0 1 6 e  in component 14 = -1.0000000
   84TaItTa.29  2.3830978763314987  0.0000017  2.3830979  0 3 0 1 5 e   -1.0000000

176) 0 3 0 1 6 f  in component 15 = -1.0000000
   84TaItTa.30  2.3878390229550073  0.0000017  2.3878390  0 3 0 1 5 f   -1.0000000

177) 0 3 0 1 8 e  in component 16 = -1.0000000
   84TaItTa.31  3.574583453997365  0.0000017  3.5745835  0 3 0 1 9 e   -1.0000000

178) 0 3 0 1 9 e  in component 16 = -1.0000000
   84TaItTa.31  3.574583453997365  0.0000017  3.5745835  0 3 0 1 8 e   -1.0000000
   84TaItTa.33  3.9717291353607034  0.0000017  3.9717291  0 3 0 1 10 e   -1.0000000

179) 0 3 0 1 8 f  in component 17 = -1.0000000
   84TaItTa.32  3.581694106527523  0.0000017  3.5816941  0 3 0 1 9 f   -1.0000000

180) 0 3 0 1 9 f  in component 17 = -1.0000000
   84TaItTa.32  3.581694106527523  0.0000017  3.5816941  0 3 0 1 8 f   -1.0000000
   84TaItTa.34  3.979630201370843  0.0000017  3.9796302  0 3 0 1 10 f   -1.0000000

181) 0 3 0 1 10 e  in component 16 = -1.0000000
   84TaItTa.33  3.9717291353607034  0.0000017  3.9717291  0 3 0 1 9 e   -1.0000000
   84TaItTa.35  4.36886517672169  0.0000017  4.3688652  0 3 0 1 11 e   -1.0000000

182) 0 3 0 1 10 f  in component 17 = -1.0000000
   84TaItTa.34  3.979630201370843  0.0000017  3.9796302  0 3 0 1 9 f   -1.0000000
   84TaItTa.36  4.377555622163116  0.0000017  4.3775556  0 3 0 1 11 f   -1.0000000

183) 0 3 0 1 11 e  in component 16 = -1.0000000
   84TaItTa.35  4.36886517672169  0.0000017  4.3688652  0 3 0 1 10 e   -1.0000000

184) 0 3 0 1 11 f  in component 17 = -1.0000000
   84TaItTa.36  4.377555622163116  0.0000017  4.3775556  0 3 0 1 10 f   -1.0000000

185) 0 0 0 0 89 e  in component 18 = -1.0000000
   81WePeMa.1  878.3559  0.0001300  878.3559000  1 0 0 0 90 e   -1.0000000

186) 1 0 0 0 90 e  in component 18 = -1.0000000
   81WePeMa.1  878.3559  0.0001300  878.3559000  0 0 0 0 89 e   -1.0000000

187) 0 0 0 0 63 e  in component 19 = -1.0000000
   81WePeMa.2  870.58088  0.0000700  870.5808800  1 0 0 0 64 e   -1.0000000

188) 1 0 0 0 64 e  in component 19 = -1.0000000
   81WePeMa.2  870.58088  0.0000700  870.5808800  0 0 0 0 63 e   -1.0000000

189) 0 0 0 0 50 e  in component 20 = -1.0000000
   81WePeMa.3  866.35439  0.0001700  866.3543900  1 0 0 0 51 e   -1.0000000
   80MaOlSa.54  1705.7503  0.0037000  1705.7503000  2 0 0 0 51 e   -1.0000000

190) 1 0 0 0 51 e  in component 20 = -1.0000000
   81WePeMa.3  866.35439  0.0001700  866.3543900  0 0 0 0 50 e   -1.0000000

191) 1 0 0 0 45 e  in component 2 = -1.0000000
   81WePeMa.4  864.33363  0.0001000  864.3336300  0 0 0 0 44 e   -1.0000000

192) 1 0 0 0 39 e  in component 0 = 1155.0695867
   81WePeMa.5  862.27371  0.0000700  0.0000000  0 0 0 0 38 e   292.7958767

193) 1 0 0 0 36 e  in component 1 = -1.0000000
   81WePeMa.6  861.22443  0.0000700  861.2244300  0 0 0 0 35 e   -1.0000000

194) 1 0 0 0 29 e  in component 0 = 1018.9979570
   81WePeMa.7  858.73037  0.0001000  0.0000000  0 0 0 0 28 e   160.2675870

195) 1 0 0 0 12 e  in component 0 = 878.1232737
   83WePeMa.1  846.0387952788325  0.0000017  -0.0000000  2 0 0 0 13 e   1724.1620690
   81WePeMa.18  852.39739  0.0005300  -0.0000000  0 0 0 0 11 e   25.7258837

196) 2 0 0 0 13 e  in component 0 = 1724.1620690
   83WePeMa.1  846.0387952788325  0.0000017  -0.0000000  1 0 0 0 12 e   878.1232737

197) 1 0 0 0 19 e  in component 0 = 922.3158069
   83WePeMa.2  848.6558057441191  0.0000017  -0.0000000  2 0 0 0 20 e   1770.9716127

198) 2 0 0 0 20 e  in component 0 = 1770.9716127
   83WePeMa.2  848.6558057441191  0.0000017  -0.0000000  1 0 0 0 19 e   922.3158069
   80MaOlSa.14  1679.948  0.0037000  0.0007502  0 0 0 0 21 e   91.0243629
   80MaOlSa.32  1696.1712  0.0037000  -0.0007498  0 0 0 0 19 e   74.7996629

199) 1 0 0 0 20 e  in component 0 = 930.2076096
   83WePeMa.3  849.0243940693131  0.0000011  0.0000000  2 0 0 0 21 e   1779.2320036

200) 2 0 0 0 21 e  in component 0 = 1779.2320036
   83WePeMa.3  849.0243940693131  0.0000011  0.0000000  1 0 0 0 20 e   930.2076096
   80MaOlSa.13  1679.5031  0.0037000  0.0011646  0 0 0 0 22 e   99.7300682
   80MaOlSa.33  1696.5166  0.0037000  -0.0011659  0 0 0 0 20 e   82.7142377

201) 1 0 0 0 21 e  in component 0 = 938.4918643
   83WePeMa.4  849.3927155432309  0.0000007  0.0000000  2 0 0 0 22 e   1787.8845799

202) 2 0 0 0 22 e  in component 0 = 1787.8845799
   83WePeMa.4  849.3927155432309  0.0000007  0.0000000  1 0 0 0 21 e   938.4918643
   80MaOlSa.12  1679.0543  0.0037000  0.0012154  0 0 0 0 23 e   108.8314953
   80MaOlSa.34  1696.859  0.0037000  -0.0012170  0 0 0 0 21 e   91.0243629

203) 0 1 0 1 7 e  in component 21 = -1.0000000
   83WePeMa.5  838.3094147084914  0.0000012  838.3094147  1 1 0 1 6 e   -1.0000000

204) 1 1 0 1 6 e  in component 21 = -1.0000000
   83WePeMa.5  838.3094147084914  0.0000012  838.3094147  0 1 0 1 7 e   -1.0000000

205) 1 1 0 1 12 e  in component 0 = 1391.1898252
   83WePeMa.6  845.7758133461783  0.0000007  0.0000000  0 1 0 1 11 e   545.4140118

206) 1 1 0 1 19 e  in component 0 = 1435.4451062
   83WePeMa.7  848.4258133004801  0.0000007  0.0000000  0 1 0 1 18 e   587.0192929

207) 1 1 0 1 20 e  in component 0 = 1443.3471431
   83WePeMa.8  848.7998053640162  0.0000024  -0.0000000  0 1 0 1 19 e   594.5473377

208) 1 1 0 1 23 e  in component 0 = 1469.4245248
   83WePeMa.9  849.9157106880921  0.0000010  0.0000000  0 1 0 1 22 e   619.5088141

209) 1 1 0 1 29 e  in component 0 = 1532.2364823
   83WePeMa.10  852.1139981446764  0.0000020  0.0000000  0 1 0 1 28 e   680.1224842

210) 0 1 0 1 7 f  in component 22 = -1.0000000
   83WePeMa.11  838.3069129777774  0.0000012  838.3069130  1 1 0 1 6 f   -1.0000000

211) 1 1 0 1 6 f  in component 22 = -1.0000000
   83WePeMa.11  838.3069129777774  0.0000012  838.3069130  0 1 0 1 7 f   -1.0000000

212) 1 1 0 1 12 f  in component 11 = -1.0000000
   83WePeMa.12  845.7831851126822  0.0000007  845.7831851  0 1 0 1 11 f   -1.0000000

213) 0 1 0 1 12 f  in component 23 = -1.0000000
   83WePeMa.13  846.1669839606171  0.0000020  846.1669840  1 1 0 1 13 f   -1.0000000

214) 1 1 0 1 13 f  in component 23 = -1.0000000
   83WePeMa.13  846.1669839606171  0.0000020  846.1669840  0 1 0 1 12 f   -1.0000000

215) 0 1 0 1 18 f  in component 24 = -1.0000000
   83WePeMa.14  848.4393893591546  0.0000007  848.4393894  1 1 0 1 19 f   -1.0000000

216) 1 1 0 1 19 f  in component 24 = -1.0000000
   83WePeMa.14  848.4393893591546  0.0000007  848.4393894  0 1 0 1 18 f   -1.0000000

217) 0 1 0 1 19 f  in component 25 = -1.0000000
   83WePeMa.15  848.8140151944716  0.0000024  848.8140152  1 1 0 1 20 f   -1.0000000

218) 1 1 0 1 20 f  in component 25 = -1.0000000
   83WePeMa.15  848.8140151944716  0.0000024  848.8140152  0 1 0 1 19 f   -1.0000000

219) 0 1 0 1 20 f  in component 26 = -1.0000000
   83WePeMa.16  849.1878071195507  0.0000010  849.1878071  1 1 0 1 21 f   -1.0000000

220) 1 1 0 1 21 f  in component 26 = -1.0000000
   83WePeMa.16  849.1878071195507  0.0000010  849.1878071  0 1 0 1 20 f   -1.0000000

221) 0 1 0 1 22 f  in component 27 = -1.0000000
   83WePeMa.17  849.9325890313091  0.0000010  849.9325890  1 1 0 1 23 f   -1.0000000

222) 1 1 0 1 23 f  in component 27 = -1.0000000
   83WePeMa.17  849.9325890313091  0.0000010  849.9325890  0 1 0 1 22 f   -1.0000000

223) 0 1 0 1 28 f  in component 28 = -1.0000000
   83WePeMa.18  852.1389820954068  0.0000020  852.1389821  1 1 0 1 29 f   -1.0000000

224) 1 1 0 1 29 f  in component 28 = -1.0000000
   83WePeMa.18  852.1389820954068  0.0000020  852.1389821  0 1 0 1 28 f   -1.0000000

225) 0 1 0 1 29 f  in component 29 = -1.0000000
   83WePeMa.19  852.5037010770965  0.0000013  852.5037011  1 1 0 1 30 f   -1.0000000

226) 1 1 0 1 30 f  in component 29 = -1.0000000
   83WePeMa.19  852.5037010770965  0.0000013  852.5037011  0 1 0 1 29 f   -1.0000000

227) 0 1 0 1 33 f  in component 30 = -1.0000000
   83WePeMa.20  853.9487007374948  0.0000010  853.9487007  1 1 0 1 34 f   -1.0000000

228) 1 1 0 1 34 f  in component 30 = -1.0000000
   83WePeMa.20  853.9487007374948  0.0000010  853.9487007  0 1 0 1 33 f   -1.0000000

229) 0 1 0 1 53 f  in component 31 = -1.0000000
   83WePeMa.21  860.8999096301482  0.0000017  860.8999096  1 1 0 1 54 f   -1.0000000

230) 1 1 0 1 54 f  in component 31 = -1.0000000
   83WePeMa.21  860.8999096301482  0.0000017  860.8999096  0 1 0 1 53 f   -1.0000000

231) 0 0 1 0 66 e  in component 32 = -1.0000000
   89VaJeWe.1  26.388490733812922  0.0000067  26.3884907  0 0 1 0 67 e   -1.0000000

232) 0 0 1 0 67 e  in component 32 = -1.0000000
   89VaJeWe.1  26.388490733812922  0.0000067  26.3884907  0 0 1 0 66 e   -1.0000000

233) 0 0 0 0 67 e  in component 33 = -1.0000000
   89VaJeWe.2  26.862015754912687  0.0000067  26.8620158  0 0 0 0 68 e   -1.0000000

234) 0 0 0 0 68 e  in component 33 = -1.0000000
   89VaJeWe.2  26.862015754912687  0.0000067  26.8620158  0 0 0 0 67 e   -1.0000000

235) 0 2 0 2 67 e  in component 34 = -1.0000000
   89VaJeWe.3  26.944095705036048  0.0000067  26.9440957  0 2 0 2 68 e   -1.0000000

236) 0 2 0 2 68 e  in component 34 = -1.0000000
   89VaJeWe.3  26.944095705036048  0.0000067  26.9440957  0 2 0 2 67 e   -1.0000000

237) 0 2 0 2 67 f  in component 35 = -1.0000000
   89VaJeWe.4  26.95363256936904  0.0000067  26.9536326  0 2 0 2 68 f   -1.0000000

238) 0 2 0 2 68 f  in component 35 = -1.0000000
   89VaJeWe.4  26.95363256936904  0.0000067  26.9536326  0 2 0 2 67 f   -1.0000000

239) 0 2 0 0 67 e  in component 36 = -1.0000000
   89VaJeWe.5  26.954077243664347  0.0000067  26.9540772  0 2 0 0 68 e   -1.0000000

240) 0 2 0 0 68 e  in component 36 = -1.0000000
   89VaJeWe.5  26.954077243664347  0.0000067  26.9540772  0 2 0 0 67 e   -1.0000000

241) 0 1 0 1 68 e  in component 37 = -1.0000000
   89VaJeWe.6  27.28826847271788  0.0000067  27.2882685  0 1 0 1 69 e   -1.0000000

242) 0 1 0 1 69 e  in component 37 = -1.0000000
   89VaJeWe.6  27.28826847271788  0.0000067  27.2882685  0 1 0 1 68 e   -1.0000000

243) 0 1 0 1 68 f  in component 38 = -1.0000000
   89VaJeWe.7  27.31603745014826  0.0000067  27.3160375  0 1 0 1 69 f   -1.0000000

244) 0 1 0 1 69 f  in component 38 = -1.0000000
   89VaJeWe.7  27.31603745014826  0.0000067  27.3160375  0 1 0 1 68 f   -1.0000000

245) 2 0 0 0 1 e  in component 0 = 1688.7577346
   67MoMa.1  0.7868256645735898  0.0000027  -0.0000000  2 0 0 0 2 e   1689.5445603
   80MaOlSa.24  1687.9656  0.0037000  0.0000000  0 0 0 0 2 e   0.7921347

246) 2 0 0 0 2 e  in component 0 = 1689.5445603
   67MoMa.1  0.7868256645735898  0.0000027  -0.0000000  2 0 0 0 1 e   1688.7577346

247) 0 0 1 0 1 e  in component 39 = -1.0000000
   67MoMa.2  0.7868616894958712  0.0000027  0.7868617  0 0 1 0 2 e   -1.0000000

248) 0 0 1 0 2 e  in component 39 = -1.0000000
   67MoMa.2  0.7868616894958712  0.0000027  0.7868617  0 0 1 0 1 e   -1.0000000

249) 1 0 0 0 1 e  in component 0 = 847.7382487
   67MoMa.3  0.7892313288281588  0.0000013  0.0000000  1 0 0 0 2 e   848.5274800

250) 1 0 0 0 2 e  in component 0 = 848.5274800
   67MoMa.3  0.7892313288281588  0.0000013  0.0000000  1 0 0 0 1 e   847.7382487
   67MoMa.7  1.1838446582935718  0.0000020  0.0000000  1 0 0 0 3 e   849.7113247
   81WePeMa.12  848.52748  0.0005300  0.0000000  0 0 0 0 1 e   0.0000000

251) 0 1 0 1 1 e  in component 0 = 519.6784481
   67MoMa.4  0.7925643012673788  0.0000013  0.0000000  0 1 0 1 2 e   520.4710124

252) 0 1 0 1 2 e  in component 0 = 520.4710124
   67MoMa.4  0.7925643012673788  0.0000013  0.0000000  0 1 0 1 1 e   519.6784481
   67MoMa.8  1.188844450516497  0.0000020  -0.0000000  0 1 0 1 3 e   521.6598568

253) 0 1 0 1 1 f  in component 10 = -1.0000000
   67MoMa.5  0.7933735277623295  0.0000013  0.7933735  0 1 0 1 2 f   -1.0000000

254) 0 1 0 1 2 f  in component 10 = -1.0000000
   67MoMa.5  0.7933735277623295  0.0000013  0.7933735  0 1 0 1 1 f   -1.0000000
   67MoMa.9  1.1900559553102568  0.0000020  1.1900560  0 1 0 1 3 f   -1.0000000

255) 0 2 0 0 1 e  in component 0 = 1045.1759358
   67MoMa.6  0.7940483279269154  0.0000013  -0.0000000  0 2 0 0 2 e   1045.9699842

256) 0 2 0 0 2 e  in component 0 = 1045.9699842
   67MoMa.6  0.7940483279269154  0.0000013  -0.0000000  0 2 0 0 1 e   1045.1759358
   67MoMa.10  1.1910739929288015  0.0000020  0.0000000  0 2 0 0 3 e   1047.1610582

257) 1 0 0 0 3 e  in component 0 = 849.7113247
   67MoMa.7  1.1838446582935718  0.0000020  0.0000000  1 0 0 0 2 e   848.5274800
   81WePeMa.11  846.15071  0.0026700  0.0000000  0 0 0 0 4 e   3.5606147
   81WePeMa.13  848.91919  0.0004000  -0.0000000  0 0 0 0 2 e   0.7921347

258) 0 2 0 2 2 e  in component 40 = -1.0000000
   67MoMa.11  1.1914999542783695  0.0000020  1.1915000  0 2 0 2 3 e   -1.0000000

259) 0 2 0 2 3 e  in component 40 = -1.0000000
   67MoMa.11  1.1914999542783695  0.0000020  1.1915000  0 2 0 2 2 e   -1.0000000

260) 0 0 1 0 4 e  in component 41 = -1.0000000
   80BoBa.1  1.9671405476117747  0.0000010  1.9671405  0 0 1 0 5 e   -1.0000000

261) 0 0 1 0 5 e  in component 41 = -1.0000000
   80BoBa.1  1.9671405476117747  0.0000010  1.9671405  0 0 1 0 4 e   -1.0000000
   80BoBa.2  2.36055821657795  0.0000010  2.3605582  0 0 1 0 6 e   -1.0000000

262) 0 0 1 0 6 e  in component 41 = -1.0000000
   80BoBa.2  2.36055821657795  0.0000010  2.3605582  0 0 1 0 5 e   -1.0000000

263) 0 0 1 0 52 e  in component 5 = -1.0000000
   90WeScMa.1  2037.230669758877  0.0001334  2037.2306698  0 0 0 0 53 e   -1.0000000

264) 0 0 1 0 41 e  in component 0 = 2399.6675506
   90WeScMa.2  2042.797023933137  0.0002669  -0.0000000  0 0 0 0 42 e   356.8705267

265) 0 0 1 0 14 e  in component 0 = 2102.3580726
   90WeScMa.3  2055.2608264748274  0.0003336  0.0000000  0 0 0 0 15 e   47.0972461

266) 0 0 1 0 8 e  in component 0 = 2075.2116571
   90WeScMa.4  2064.5264331499625  0.0002335  0.0000000  0 0 0 0 7 e   10.6852240

267) 0 0 1 0 20 e  in component 0 = 2143.6630030
   90WeScMa.5  2068.8633401177826  0.0004003  0.0000000  0 0 0 0 19 e   74.7996629

268) 0 0 1 0 32 e  in component 0 = 2268.7333469
   90WeScMa.6  2072.856596012165  0.0003336  0.0000000  0 0 0 0 31 e   195.8767508

269) 0 0 1 0 46 e  in component 1 = -1.0000000
   90WeScMa.7  2077.0775327510073  0.0003336  2077.0775328  0 0 0 0 45 e   -1.0000000

270) 0 0 0 0 61 e  in component 42 = -1.0000000
   90WeScMa.8  2081.3198809691203  0.0003336  2081.3198810  0 0 1 0 62 e   -1.0000000
   81WePeMa.33  869.92319  0.0008000  869.9231900  1 0 0 0 62 e   -1.0000000
   80MaOlSa.58  1708.5806  0.0037000  1708.5806000  2 0 0 0 62 e   -1.0000000

271) 0 0 1 0 62 e  in component 42 = -1.0000000
   90WeScMa.8  2081.3198809691203  0.0003336  2081.3198810  0 0 0 0 61 e   -1.0000000

272) 1 0 0 0 31 e  in component 0 = 1043.0294742
   81WePeMa.8  834.49391  0.0007700  0.0000639  0 0 0 0 32 e   208.5356281
   81WePeMa.23  859.41798  0.0004000  -0.0000172  0 0 0 0 30 e   183.6114770

273) 1 0 0 0 22 e  in component 0 = 947.1706953
   81WePeMa.9  838.3392  0.0016000  -0.0000000  0 0 0 0 23 e   108.8314953

274) 1 0 0 0 4 e  in component 0 = 851.3127970
   81WePeMa.10  845.74859  0.0006700  -0.0236418  0 0 0 0 5 e   5.5405652
   81WePeMa.14  849.31029  0.0004000  0.0084266  0 0 0 0 3 e   2.0109335

275) 0 0 0 0 1 e  in component 0 = 0.0000000
   81WePeMa.12  848.52748  0.0005300  0.0000000  1 0 0 0 2 e   848.5274800

276) 0 0 0 0 2 e  in component 0 = 0.7921347
   81WePeMa.13  848.91919  0.0004000  -0.0000000  1 0 0 0 3 e   849.7113247
   80MaOlSa.24  1687.9656  0.0037000  0.0000000  2 0 0 0 1 e   1688.7577346

277) 1 0 0 0 5 e  in component 0 = 853.2611147
   81WePeMa.15  849.7005  0.0010000  0.0000000  0 0 0 0 4 e   3.5606147

278) 1 0 0 0 6 e  in component 0 = 855.6303652
   81WePeMa.16  850.0898  0.0026700  0.0000000  0 0 0 0 5 e   5.5405652

279) 1 0 0 0 11 e  in component 0 = 873.3570350
   81WePeMa.17  852.0134  0.0025400  0.0000000  0 0 0 0 10 e   21.3436350

280) 1 0 0 0 13 e  in component 0 = 883.2525550
   81WePeMa.19  852.77752  0.0004000  0.0000000  0 0 0 0 12 e   30.4750350

281) 1 0 0 0 14 e  in component 0 = 888.7767761
   81WePeMa.20  853.15655  0.0016700  0.0000000  0 0 0 0 13 e   35.6202261

282) 1 0 0 0 16 e  in component 0 = 901.0081561
   81WePeMa.21  853.91091  0.0009300  0.0000000  0 0 0 0 15 e   47.0972461

283) 1 0 0 0 30 e  in component 0 = 1030.8034508
   81WePeMa.22  859.0598  0.0026700  0.0000000  0 0 0 0 29 e   171.7436508

284) 1 0 0 0 33 e  in component 0 = 1068.6674381
   81WePeMa.24  860.13181  0.0004000  -0.0000000  0 0 0 0 32 e   208.5356281

285) 1 0 0 0 34 e  in component 1 = -1.0000000
   81WePeMa.25  860.48689  0.0008000  860.4868900  0 0 0 0 33 e   -1.0000000

286) 1 0 0 0 35 e  in component 0 = 1095.8825381
   81WePeMa.26  860.8407  0.0016700  0.0000000  0 0 0 0 34 e   235.0418381

287) 1 0 0 0 38 e  in component 1 = -1.0000000
   81WePeMa.27  861.8955  0.0010700  861.8955000  0 0 0 0 37 e   -1.0000000

288) 1 0 0 0 42 e  in component 1 = -1.0000000
   81WePeMa.28  863.28259  0.0005300  863.2825900  0 0 0 0 41 e   -1.0000000

289) 0 0 0 0 51 e  in component 43 = -1.0000000
   81WePeMa.29  866.6659  0.0013300  866.6659000  1 0 0 0 52 e   -1.0000000

290) 1 0 0 0 52 e  in component 43 = -1.0000000
   81WePeMa.29  866.6659  0.0013300  866.6659000  0 0 0 0 51 e   -1.0000000

291) 1 0 0 0 59 e  in component 9 = -1.0000000
   81WePeMa.30  868.95898  0.0010700  868.9589800  0 0 0 0 58 e   -1.0000000

292) 0 0 0 0 59 e  in component 44 = -1.0000000
   81WePeMa.31  869.28131  0.0014700  869.2813100  1 0 0 0 60 e   -1.0000000

293) 1 0 0 0 60 e  in component 44 = -1.0000000
   81WePeMa.31  869.28131  0.0014700  869.2813100  0 0 0 0 59 e   -1.0000000

294) 0 0 0 0 60 e  in component 45 = -1.0000000
   81WePeMa.32  869.6028  0.0012000  869.6028000  1 0 0 0 61 e   -1.0000000

295) 1 0 0 0 61 e  in component 45 = -1.0000000
   81WePeMa.32  869.6028  0.0012000  869.6028000  0 0 0 0 60 e   -1.0000000

296) 1 0 0 0 62 e  in component 42 = -1.0000000
   81WePeMa.33  869.92319  0.0008000  869.9231900  0 0 0 0 61 e   -1.0000000

297) 2 0 0 0 38 e  in component 1 = -1.0000000
   80MaOlSa.1  1671.5631  0.0037000  1671.5631000  0 0 0 0 39 e   -1.0000000
   80MaOlSa.44  1702.0182  0.0037000  1702.0182000  0 0 0 0 37 e   -1.0000000

298) 2 0 0 0 37 e  in component 0 = 1964.8435974
   80MaOlSa.2  1672.0493  0.0037000  0.0015793  0 0 0 0 38 e   292.7958767
   80MaOlSa.43  1701.7133  0.0037000  -0.0015793  0 0 0 0 36 e   263.1287181

299) 2 0 0 0 36 e  in component 1 = -1.0000000
   80MaOlSa.3  1672.5345  0.0037000  1672.5345000  0 0 0 0 37 e   -1.0000000
   80MaOlSa.42  1701.4077  0.0037000  1701.4077000  0 0 0 0 35 e   -1.0000000

300) 2 0 0 0 33 e  in component 0 = 1909.0118381
   80MaOlSa.4  1673.97  0.0037000  -0.0000000  0 0 0 0 34 e   235.0418381

301) 2 0 0 0 32 e  in component 1 = -1.0000000
   80MaOlSa.5  1674.4453  0.0037000  1674.4453000  0 0 0 0 33 e   -1.0000000

302) 2 0 0 0 31 e  in component 0 = 1883.4513526
   80MaOlSa.6  1674.9178  0.0037000  0.0020756  0 0 0 0 32 e   208.5356281
   80MaOlSa.40  1699.8378  0.0037000  -0.0020756  0 0 0 0 30 e   183.6114770

303) 2 0 0 0 30 e  in component 0 = 1871.2613508
   80MaOlSa.7  1675.3846  0.0037000  0.0000000  0 0 0 0 31 e   195.8767508
   80MaOlSa.39  1699.5177  0.0037000  -0.0000000  0 0 0 0 29 e   171.7436508

304) 2 0 0 0 28 e  in component 0 = 1848.0586942
   80MaOlSa.8  1676.3155  0.0037000  0.0004566  0 0 0 0 29 e   171.7436508
   80MaOlSa.38  1698.8671  0.0037000  -0.0004566  0 0 0 0 27 e   149.1911375

305) 2 0 0 0 27 e  in component 0 = 1837.0466870
   80MaOlSa.9  1676.7791  0.0037000  -0.0000000  0 0 0 0 28 e   160.2675870
   80MaOlSa.37  1698.5382  0.0037000  0.0000000  0 0 0 0 26 e   138.5084870

306) 2 0 0 0 26 e  in component 0 = 1826.4317375
   80MaOlSa.10  1677.2406  0.0037000  -0.0000000  0 0 0 0 27 e   149.1911375

307) 2 0 0 0 25 e  in component 0 = 1816.2037526
   80MaOlSa.11  1677.6966  0.0037000  0.0013344  0 0 0 0 26 e   138.5084870
   80MaOlSa.36  1697.874  0.0037000  -0.0013344  0 0 0 0 24 e   118.3284182

308) 2 0 0 0 18 e  in component 0 = 1755.6320629
   80MaOlSa.15  1680.8324  0.0037000  0.0000000  0 0 0 0 19 e   74.7996629

309) 2 0 0 0 17 e  in component 0 = 1748.5506477
   80MaOlSa.16  1681.2701  0.0037000  0.0000000  0 0 0 0 18 e   67.2805477

310) 2 0 0 0 16 e  in component 0 = 1741.8647395
   80MaOlSa.17  1681.7079  0.0037000  0.0002934  0 0 0 0 17 e   60.1571329
   80MaOlSa.31  1694.7672  0.0037000  -0.0002934  0 0 0 0 15 e   47.0972461

311) 2 0 0 0 15 e  in component 0 = 1735.5707368
   80MaOlSa.18  1682.1418  0.0037000  0.0005109  0 0 0 0 16 e   53.4294477
   80MaOlSa.30  1694.4094  0.0037000  -0.0005109  0 0 0 0 14 e   41.1608259

312) 2 0 0 0 11 e  in component 0 = 1714.3142850
   80MaOlSa.19  1683.8526  0.0037000  0.0133500  0 0 0 0 12 e   30.4750350
   80MaOlSa.28  1692.9573  0.0037000  -0.0133500  0 0 0 0 10 e   21.3436350

313) 2 0 0 0 9 e  in component 0 = 1706.0494964
   80MaOlSa.20  1684.6933  0.0037000  -0.0125614  0 0 0 0 10 e   21.3436350
   80MaOlSa.27  1692.2102  0.0037000  0.0125614  0 0 0 0 8 e   13.8518578

314) 2 0 0 0 8 e  in component 0 = 1702.5243945
   80MaOlSa.21  1685.1097  0.0037000  -0.0000000  0 0 0 0 9 e   17.4146945

315) 2 0 0 0 7 e  in component 0 = 1699.3765984
   80MaOlSa.22  1685.5259  0.0037000  0.0011595  0 0 0 0 8 e   13.8518578
   80MaOlSa.26  1691.4607  0.0037000  -0.0011595  0 0 0 0 6 e   7.9147389

316) 2 0 0 0 6 e  in component 0 = 1696.6224946
   80MaOlSa.23  1685.9372  0.0037000  -0.0000706  0 0 0 0 7 e   10.6852240
   80MaOlSa.25  1691.082  0.0037000  0.0000706  0 0 0 0 5 e   5.5405652

317) 2 0 0 0 14 e  in component 0 = 1729.6698261
   80MaOlSa.29  1694.0496  0.0037000  0.0000000  0 0 0 0 13 e   35.6202261

318) 2 0 0 0 23 e  in component 0 = 1796.9326682
   80MaOlSa.35  1697.2026  0.0037000  0.0000000  0 0 0 0 22 e   99.7300682

319) 2 0 0 0 35 e  in component 0 = 1936.1412381
   80MaOlSa.41  1701.0994  0.0037000  0.0000000  0 0 0 0 34 e   235.0418381

320) 2 0 0 0 40 e  in component 1 = -1.0000000
   80MaOlSa.45  1702.6203  0.0037000  1702.6203000  0 0 0 0 39 e   -1.0000000

321) 2 0 0 0 41 e  in component 0 = 2026.9609767
   80MaOlSa.46  1702.9176  0.0037000  0.0000000  0 0 0 0 40 e   324.0433767

322) 2 0 0 0 42 e  in component 1 = -1.0000000
   80MaOlSa.47  1703.2116  0.0037000  1703.2116000  0 0 0 0 41 e   -1.0000000

323) 2 0 0 0 43 e  in component 0 = 2060.3733267
   80MaOlSa.48  1703.5028  0.0037000  -0.0000000  0 0 0 0 42 e   356.8705267

324) 2 0 0 0 45 e  in component 2 = -1.0000000
   80MaOlSa.49  1704.0792  0.0037000  1704.0792000  0 0 0 0 44 e   -1.0000000

325) 2 0 0 0 46 e  in component 1 = -1.0000000
   80MaOlSa.50  1704.3631  0.0037000  1704.3631000  0 0 0 0 45 e   -1.0000000

326) 2 0 0 0 48 e  in component 1 = -1.0000000
   80MaOlSa.51  1704.9253  0.0037000  1704.9253000  0 0 0 0 47 e   -1.0000000

327) 2 0 0 0 49 e  in component 3 = -1.0000000
   80MaOlSa.52  1705.2033  0.0037000  1705.2033000  0 0 0 0 48 e   -1.0000000

328) 2 0 0 0 50 e  in component 7 = -1.0000000
   80MaOlSa.53  1705.4789  0.0037000  1705.4789000  0 0 0 0 49 e   -1.0000000

329) 2 0 0 0 51 e  in component 20 = -1.0000000
   80MaOlSa.54  1705.7503  0.0037000  1705.7503000  0 0 0 0 50 e   -1.0000000

330) 2 0 0 0 53 e  in component 4 = -1.0000000
   80MaOlSa.55  1706.2897  0.0037000  1706.2897000  0 0 0 0 52 e   -1.0000000

331) 2 0 0 0 54 e  in component 5 = -1.0000000
   80MaOlSa.56  1706.5492  0.0037000  1706.5492000  0 0 0 0 53 e   -1.0000000

332) 2 0 0 0 59 e  in component 9 = -1.0000000
   80MaOlSa.57  1707.8386  0.0037000  1707.8386000  0 0 0 0 58 e   -1.0000000

333) 2 0 0 0 62 e  in component 42 = -1.0000000
   80MaOlSa.58  1708.5806  0.0037000  1708.5806000  0 0 0 0 61 e   -1.0000000

334) 0 1 0 1 48 f  in component 46 = -1.0000000
   79WePeMa.2  1033.5049189262793  0.0000667  1033.5049189  0 3 0 1 47 f   -1.0000000

335) 0 3 0 1 47 f  in component 46 = -1.0000000
   79WePeMa.2  1033.5049189262793  0.0000667  1033.5049189  0 1 0 1 48 f   -1.0000000

