1042.78623 0.00008 8.000e-5 0 2 0 0 5 e  0 0 0 0 6 e  90ToHoAl.1 
1042.39774 0.00008 8.000e-5 0 2 0 0 6 e  0 0 0 0 7 e  90ToHoAl.2 
1042.01052 0.00008 8.000e-5 0 2 0 0 7 e  0 0 0 0 8 e  90ToHoAl.3 
1041.62465 0.00008 8.000e-5 0 2 0 0 8 e  0 0 0 0 9 e  90ToHoAl.4 
1040.85671 0.00008 8.000e-5 0 2 0 0 10 e  0 0 0 0 11 e  90ToHoAl.6 
1040.47465 0.00008 8.000e-5 0 2 0 0 11 e  0 0 0 0 12 e  90ToHoAl.7 
1040.09364 0.00008 8.000e-5 0 2 0 0 12 e  0 0 0 0 13 e  90ToHoAl.8 
1039.71384 0.00008 8.000e-5 0 2 0 0 13 e  0 0 0 0 14 e  90ToHoAl.9 
1039.33557 0.00008 8.000e-5 0 2 0 0 14 e  0 0 0 0 15 e  90ToHoAl.10 
1038.95830 0.00008 8.000e-5 0 2 0 0 15 e  0 0 0 0 16 e  90ToHoAl.11 
1038.58245 0.00008 8.000e-5 0 2 0 0 16 e  0 0 0 0 17 e  90ToHoAl.12 
1038.20788 0.00008 8.000e-5 0 2 0 0 17 e  0 0 0 0 18 e  90ToHoAl.13 
1037.83440 0.00008 8.000e-5 0 2 0 0 18 e  0 0 0 0 19 e  90ToHoAl.14 
1037.46242 0.00008 8.000e-5 0 2 0 0 19 e  0 0 0 0 20 e  90ToHoAl.15 
1037.09171 0.00008 8.000e-5 0 2 0 0 20 e  0 0 0 0 21 e  90ToHoAl.16 
1036.72233 0.00008 8.000e-5 0 2 0 0 21 e  0 0 0 0 22 e  90ToHoAl.17 
1036.35393 0.00008 8.000e-5 0 2 0 0 22 e  0 0 0 0 23 e  90ToHoAl.18 
1035.98692 0.00008 8.000e-5 0 2 0 0 23 e  0 0 0 0 24 e  90ToHoAl.19 
1035.25696 0.00008 8.000e-5 0 2 0 0 25 e  0 0 0 0 26 e  90ToHoAl.20 
1034.89432 0.00008 8.000e-5 0 2 0 0 26 e  0 0 0 0 27 e  90ToHoAl.21 
1034.53235 0.00008 8.000e-5 0 2 0 0 27 e  0 0 0 0 28 e  90ToHoAl.22 
1034.17195 0.00008 8.000e-5 0 2 0 0 28 e  0 0 0 0 29 e  90ToHoAl.23 
1033.81282 0.00008 8.000e-5 0 2 0 0 29 e  0 0 0 0 30 e  90ToHoAl.24 
1033.45517 0.00008 8.000e-5 0 2 0 0 30 e  0 0 0 0 31 e  90ToHoAl.25 
1033.09871 0.00008 8.000e-5 0 2 0 0 31 e  0 0 0 0 32 e  90ToHoAl.26 
1032.74377 0.00008 8.000e-5 0 2 0 0 32 e  0 0 0 0 33 e  90ToHoAl.27 
1032.38988 0.00008 8.000e-5 0 2 0 0 33 e  0 0 0 0 34 e  90ToHoAl.28 
1031.68660 0.00008 8.000e-5 0 2 0 0 35 e  0 0 0 0 36 e  90ToHoAl.29 
1031.33695 0.00008 8.000e-5 0 2 0 0 36 e  0 0 0 0 37 e  90ToHoAl.30 
1030.98892 0.00008 8.000e-5 0 2 0 0 37 e  0 0 0 0 38 e  90ToHoAl.31 
1030.64229 0.00008 8.000e-5 0 2 0 0 38 e  0 0 0 0 39 e  90ToHoAl.32 
1030.29663 0.00008 8.000e-5 0 2 0 0 39 e  0 0 0 0 40 e  90ToHoAl.33 
1029.95253 0.00008 8.000e-5 0 2 0 0 40 e  0 0 0 0 41 e  90ToHoAl.34 
1029.60976 0.00008 8.000e-5 0 2 0 0 41 e  0 0 0 0 42 e  90ToHoAl.35 
1029.26845 0.00008 8.000e-5 0 2 0 0 42 e  0 0 0 0 43 e  90ToHoAl.36 
1028.59014 0.00008 8.000e-5 0 2 0 0 44 e  0 0 0 0 45 e  90ToHoAl.37 
1028.25332 0.00008 8.000e-5 0 2 0 0 45 e  0 0 0 0 46 e  90ToHoAl.38 
1027.91758 0.00008 8.000e-5 0 2 0 0 46 e  0 0 0 0 47 e  90ToHoAl.39 
1027.58369 0.00008 8.000e-5 0 2 0 0 47 e  0 0 0 0 48 e  90ToHoAl.40 
1026.26162 0.00008 8.000e-5 0 2 0 0 51 e  0 0 0 0 52 e  90ToHoAl.41 
1025.93506 0.00008 8.000e-5 0 2 0 0 52 e  0 0 0 0 53 e  90ToHoAl.42 
1024.96390 0.00008 8.000e-5 0 2 0 0 55 e  0 0 0 0 56 e  90ToHoAl.43 
1046.73788 0.00008 8.000e-5 0 2 0 0 4 e  0 0 0 0 3 e  90ToHoAl.44 
1047.14029 0.00008 8.000e-5 0 2 0 0 5 e  0 0 0 0 4 e  90ToHoAl.45 
1047.54280 0.00008 8.000e-5 0 2 0 0 6 e  0 0 0 0 5 e  90ToHoAl.46 
1047.94764 0.00008 8.000e-5 0 2 0 0 7 e  0 0 0 0 6 e  90ToHoAl.47 
1049.16791 0.00008 8.000e-5 0 2 0 0 10 e  0 0 0 0 9 e  90ToHoAl.48 
1049.98798 0.00008 8.000e-5 0 2 0 0 12 e  0 0 0 0 11 e  90ToHoAl.50 
1050.39963 0.00008 8.000e-5 0 2 0 0 13 e  0 0 0 0 12 e  90ToHoAl.51 
1050.81259 0.00008 8.000e-5 0 2 0 0 14 e  0 0 0 0 13 e  90ToHoAl.52 
1051.22692 0.00008 8.000e-5 0 2 0 0 15 e  0 0 0 0 14 e  90ToHoAl.53 
1051.64234 0.00008 8.000e-5 0 2 0 0 16 e  0 0 0 0 15 e  90ToHoAl.54 
1052.05898 0.00008 8.000e-5 0 2 0 0 17 e  0 0 0 0 16 e  90ToHoAl.55 
1052.47693 0.00008 8.000e-5 0 2 0 0 18 e  0 0 0 0 17 e  90ToHoAl.56 
1052.89611 0.00008 8.000e-5 0 2 0 0 19 e  0 0 0 0 18 e  90ToHoAl.57 
1053.31641 0.00008 8.000e-5 0 2 0 0 20 e  0 0 0 0 19 e  90ToHoAl.58 
1053.73816 0.00008 8.000e-5 0 2 0 0 21 e  0 0 0 0 20 e  90ToHoAl.59 
1055.01050 0.00008 8.000e-5 0 2 0 0 24 e  0 0 0 0 23 e  90ToHoAl.60 
1055.43703 0.00008 8.000e-5 0 2 0 0 25 e  0 0 0 0 24 e  90ToHoAl.61 
1055.86504 0.00008 8.000e-5 0 2 0 0 26 e  0 0 0 0 25 e  90ToHoAl.62 
1058.89609 0.00008 8.000e-5 0 2 0 0 33 e  0 0 0 0 32 e  90ToHoAl.63 
1059.33395 0.00008 8.000e-5 0 2 0 0 34 e  0 0 0 0 33 e  90ToHoAl.64 
1059.77348 0.00008 8.000e-5 0 2 0 0 35 e  0 0 0 0 34 e  90ToHoAl.65 
1060.21426 0.00008 8.000e-5 0 2 0 0 36 e  0 0 0 0 35 e  90ToHoAl.66 
1060.65608 0.00008 8.000e-5 0 2 0 0 37 e  0 0 0 0 36 e  90ToHoAl.67 
1061.09943 0.00008 8.000e-5 0 2 0 0 38 e  0 0 0 0 37 e  90ToHoAl.68 
1061.54413 0.00008 8.000e-5 0 2 0 0 39 e  0 0 0 0 38 e  90ToHoAl.69 
1061.98993 0.00008 8.000e-5 0 2 0 0 40 e  0 0 0 0 39 e  90ToHoAl.70 
1062.43691 0.00008 8.000e-5 0 2 0 0 41 e  0 0 0 0 40 e  90ToHoAl.71 
1062.88568 0.00008 8.000e-5 0 2 0 0 42 e  0 0 0 0 41 e  90ToHoAl.72 
1063.33569 0.00008 8.000e-5 0 2 0 0 43 e  0 0 0 0 42 e  90ToHoAl.73 
1063.78698 0.00008 8.000e-5 0 2 0 0 44 e  0 0 0 0 43 e  90ToHoAl.74 
1064.23921 0.00008 8.000e-5 0 2 0 0 45 e  0 0 0 0 44 e  90ToHoAl.75 
1064.69350 0.00008 8.000e-5 0 2 0 0 46 e  0 0 0 0 45 e  90ToHoAl.76 
1065.60536 0.00008 8.000e-5 0 2 0 0 48 e  0 0 0 0 47 e  90ToHoAl.77 
1066.06357 0.00008 8.000e-5 0 2 0 0 49 e  0 0 0 0 48 e  90ToHoAl.78 
1066.52276 0.00008 8.000e-5 0 2 0 0 50 e  0 0 0 0 49 e  90ToHoAl.79 
1067.90956 0.00008 8.000e-5 0 2 0 0 53 e  0 0 0 0 52 e  90ToHoAl.80 
1068.37498 0.00008 8.000e-5 0 2 0 0 54 e  0 0 0 0 53 e  90ToHoAl.81 
1068.84085 0.00008 8.000e-5 0 2 0 0 55 e  0 0 0 0 54 e  90ToHoAl.82 
1069.77812 0.00008 8.000e-5 0 2 0 0 57 e  0 0 0 0 56 e  90ToHoAl.83 
1070.24926 0.00008 8.000e-5 0 2 0 0 58 e  0 0 0 0 57 e  90ToHoAl.84 
1070.72100 0.00008 8.000e-5 0 2 0 0 59 e  0 0 0 0 58 e  90ToHoAl.85 
517.26824 0.001 1.000e-3 0 1 0 1 5 e  0 0 0 0 6 e  85JoHoKaMa.1 
516.89549 0.001 1.000e-3 0 1 0 1 6 e  0 0 0 0 7 e  85JoHoKaMa.2 
516.11103 0.001 1.000e-3 0 1 0 1 8 e  0 0 0 0 9 e  85JoHoKaMa.3 
515.77960 0.001 1.000e-3 0 1 0 1 9 e  0 0 0 0 10 e  85JoHoKaMa.4 
514.93832 0.001 1.000e-3 0 1 0 1 11 e  0 0 0 0 12 e  85JoHoKaMa.6 
514.54841 0.001 1.000e-3 0 1 0 1 12 e  0 0 0 0 13 e  85JoHoKaMa.7 
514.15911 0.001 1.000e-3 0 1 0 1 13 e  0 0 0 0 14 e  85JoHoKaMa.8 
513.38150 0.001 1.000e-3 0 1 0 1 15 e  0 0 0 0 16 e  85JoHoKaMa.9 
512.99458 0.001 1.000e-3 0 1 0 1 16 e  0 0 0 0 17 e  85JoHoKaMa.10 
512.21963 0.001 1.000e-3 0 1 0 1 18 e  0 0 0 0 19 e  85JoHoKaMa.12 
511.83310 0.001 1.000e-3 0 1 0 1 19 e  0 0 0 0 20 e  85JoHoKaMa.13 
511.44770 0.001 1.000e-3 0 1 0 1 20 e  0 0 0 0 21 e  85JoHoKaMa.14 
511.06221 0.001 1.000e-3 0 1 0 1 21 e  0 0 0 0 22 e  85JoHoKaMa.15 
510.67723 0.001 1.000e-3 0 1 0 1 22 e  0 0 0 0 23 e  85JoHoKaMa.16 
510.29304 0.001 1.000e-3 0 1 0 1 23 e  0 0 0 0 24 e  85JoHoKaMa.17 
509.90919 0.001 1.000e-3 0 1 0 1 24 e  0 0 0 0 25 e  85JoHoKaMa.18 
509.52577 0.001 1.000e-3 0 1 0 1 25 e  0 0 0 0 26 e  85JoHoKaMa.19 
509.14299 0.001 1.000e-3 0 1 0 1 26 e  0 0 0 0 27 e  85JoHoKaMa.20 
508.37880 0.001 1.000e-3 0 1 0 1 28 e  0 0 0 0 29 e  85JoHoKaMa.21 
507.99735 0.001 1.000e-3 0 1 0 1 29 e  0 0 0 0 30 e  85JoHoKaMa.22 
507.61691 0.001 1.000e-3 0 1 0 1 30 e  0 0 0 0 31 e  85JoHoKaMa.23 
507.23661 0.001 1.000e-3 0 1 0 1 31 e  0 0 0 0 32 e  85JoHoKaMa.24 
506.85706 0.001 1.000e-3 0 1 0 1 32 e  0 0 0 0 33 e  85JoHoKaMa.25 
506.47779 0.001 1.000e-3 0 1 0 1 33 e  0 0 0 0 34 e  85JoHoKaMa.26 
506.09844 0.001 1.000e-3 0 1 0 1 34 e  0 0 0 0 35 e  85JoHoKaMa.27 
523.23969 0.001 1.000e-3 0 1 0 1 9 e  0 0 0 0 8 e  85JoHoKaMa.28 
524.04150 0.001 1.000e-3 0 1 0 1 11 e  0 0 0 0 10 e  85JoHoKaMa.30 
524.44313 0.001 1.000e-3 0 1 0 1 12 e  0 0 0 0 11 e  85JoHoKaMa.31 
524.84504 0.001 1.000e-3 0 1 0 1 13 e  0 0 0 0 12 e  85JoHoKaMa.32 
525.24733 0.001 1.000e-3 0 1 0 1 14 e  0 0 0 0 13 e  85JoHoKaMa.33 
525.65048 0.001 1.000e-3 0 1 0 1 15 e  0 0 0 0 14 e  85JoHoKaMa.34 
526.05400 0.001 1.000e-3 0 1 0 1 16 e  0 0 0 0 15 e  85JoHoKaMa.35 
527.67251 0.001 1.000e-3 0 1 0 1 20 e  0 0 0 0 19 e  85JoHoKaMa.37 
528.07829 0.001 1.000e-3 0 1 0 1 21 e  0 0 0 0 20 e  85JoHoKaMa.38 
528.48454 0.001 1.000e-3 0 1 0 1 22 e  0 0 0 0 21 e  85JoHoKaMa.39 
528.89139 0.001 1.000e-3 0 1 0 1 23 e  0 0 0 0 22 e  85JoHoKaMa.40 
529.29811 0.001 1.000e-3 0 1 0 1 24 e  0 0 0 0 23 e  85JoHoKaMa.41 
530.11406 0.001 1.000e-3 0 1 0 1 26 e  0 0 0 0 25 e  85JoHoKaMa.42 
530.52293 0.001 1.000e-3 0 1 0 1 27 e  0 0 0 0 26 e  85JoHoKaMa.43 
530.93138 0.001 1.000e-3 0 1 0 1 28 e  0 0 0 0 27 e  85JoHoKaMa.44 
531.34124 0.001 1.000e-3 0 1 0 1 29 e  0 0 0 0 28 e  85JoHoKaMa.45 
532.16128 0.001 1.000e-3 0 1 0 1 31 e  0 0 0 0 30 e  85JoHoKaMa.46 
533.39530 0.001 1.000e-3 0 1 0 1 34 e  0 0 0 0 33 e  85JoHoKaMa.47 
533.80725 0.001 1.000e-3 0 1 0 1 35 e  0 0 0 0 34 e  85JoHoKaMa.48 
534.21975 0.001 1.000e-3 0 1 0 1 36 e  0 0 0 0 35 e  85JoHoKaMa.49 
534.63278 0.001 1.000e-3 0 1 0 1 37 e  0 0 0 0 36 e  85JoHoKaMa.50 
535.04635 0.001 1.000e-3 0 1 0 1 38 e  0 0 0 0 37 e  85JoHoKaMa.51 
535.46042 0.001 1.000e-3 0 1 0 1 39 e  0 0 0 0 38 e  85JoHoKaMa.52 
535.87443 0.001 1.000e-3 0 1 0 1 40 e  0 0 0 0 39 e  85JoHoKaMa.53 
536.28924 0.001 1.000e-3 0 1 0 1 41 e  0 0 0 0 40 e  85JoHoKaMa.54 
536.70437 0.001 1.000e-3 0 1 0 1 42 e  0 0 0 0 41 e  85JoHoKaMa.55 
537.12024 0.001 1.000e-3 0 1 0 1 43 e  0 0 0 0 42 e  85JoHoKaMa.56 
538.78692 0.001 1.000e-3 0 1 0 1 47 e  0 0 0 0 46 e  85JoHoKaMa.57 
539.20463 0.001 1.000e-3 0 1 0 1 48 e  0 0 0 0 47 e  85JoHoKaMa.58 
539.62281 0.001 1.000e-3 0 1 0 1 49 e  0 0 0 0 48 e  85JoHoKaMa.59 
542.14167 0.001 1.000e-3 0 1 0 1 54 e  0 0 0 0 53 e  85JoHoKaMa.60 
47520.743 0.05 5.000e-2 0 1 0 1 4 e  0 1 0 1 3 e  84TaItTa.1 
47589.276 0.05 5.000e-2 0 1 0 1 4 f  0 1 0 1 3 f  84TaItTa.2 
58400.690 0.05 5.000e-2 0 1 0 1 5 e  0 1 0 1 4 e  84TaItTa.3 
58461.407 0.05 5.000e-2 0 1 0 1 5 f  0 1 0 1 4 f  84TaItTa.4 
71280.504 0.05 5.000e-2 0 1 0 1 6 e  0 1 0 1 5 e  84TaItTa.5 
71353.332 0.05 5.000e-2 0 1 0 1 6 f  0 1 0 1 5 f  84TaItTa.6 
106918.669 0.05 5.000e-2 0 1 0 1 9 e  0 1 0 1 8 e  84TaItTa.7 
107027.908 0.05 5.000e-2 0 1 0 1 9 f  0 1 0 1 8 f  84TaItTa.8 
118797.570 0.05 5.000e-2 0 1 0 1 10 e  0 1 0 1 9 e  84TaItTa.9 
118918.930 0.05 5.000e-2 0 1 0 1 10 f  0 1 0 1 9 f  84TaItTa.10 
130676.117 0.05 5.000e-2 0 1 0 1 11 e  0 1 0 1 10 e  84TaItTa.11 
130803.671 0.05 5.000e-2 0 1 0 1 11 f  0 1 0 1 10 f  84TaItTa.12 
47609.814 0.05 5.000e-2 0 2 0 0 4 e  0 2 0 0 3 e  84TaItTa.13 
58512.111 0.05 5.000e-2 0 2 0 0 5 e  0 2 0 0 4 e  84TaItTa.14 
71414.262 0.05 5.000e-2 0 2 0 0 6 e  0 2 0 0 5 e  84TaItTa.15 
107119.639 0.05 5.000e-2 0 2 0 0 9 e  0 2 0 0 8 e  84TaItTa.16 
107156.830 0.05 5.000e-2 0 2 0 2 9 e  0 2 0 2 8 e  84TaItTa.17 
107157.476 0.05 5.000e-2 0 2 0 2 9 f  0 2 0 2 8 f  84TaItTa.18 
119021.020 0.05 5.000e-2 0 2 0 0 10 e  0 2 0 0 9 e  84TaItTa.19 
119061.995 0.05 5.000e-2 0 2 0 2 10 e  0 2 0 2 9 e  84TaItTa.20 
119062.876 0.05 5.000e-2 0 2 0 2 10 f  0 2 0 2 9 f  84TaItTa.21 
130922.165 0.05 5.000e-2 0 2 0 0 11 e  0 2 0 0 10 e  84TaItTa.22 
130966.805 0.05 5.000e-2 0 2 0 2 11 e  0 2 0 2 10 e  84TaItTa.23 
130967.973 0.05 5.000e-2 0 2 0 2 11 f  0 2 0 2 10 f  84TaItTa.24 
47629.361 0.05 5.000e-2 0 3 0 1 4 e  0 3 0 1 3 e  84TaItTa.25 
47724.101 0.05 5.000e-2 0 3 0 1 4 f  0 3 0 1 3 f  84TaItTa.26 
59536.502 0.05 5.000e-2 0 3 0 1 5 e  0 3 0 1 4 e  84TaItTa.27 
59654.913 0.05 5.000e-2 0 3 0 1 5 f  0 3 0 1 4 f  84TaItTa.28 
71443.477 0.05 5.000e-2 0 3 0 1 6 e  0 3 0 1 5 e  84TaItTa.29 
71585.613 0.05 5.000e-2 0 3 0 1 6 f  0 3 0 1 5 f  84TaItTa.30 
107163.316 0.05 5.000e-2 0 3 0 1 9 e  0 3 0 1 8 e  84TaItTa.31 
107376.488 0.05 5.000e-2 0 3 0 1 9 f  0 3 0 1 8 f  84TaItTa.32 
119069.444 0.05 5.000e-2 0 3 0 1 10 e  0 3 0 1 9 e  84TaItTa.33 
119306.312 0.05 5.000e-2 0 3 0 1 10 f  0 3 0 1 9 f  84TaItTa.34 
130975.283 0.05 5.000e-2 0 3 0 1 11 e  0 3 0 1 10 e  84TaItTa.35 
131235.816 0.05 5.000e-2 0 3 0 1 11 f  0 3 0 1 10 f  84TaItTa.36 
-873.6628 0.001 1.000e-3 1 0 0 0 74 e  0 0 0 0 73 e  90BlWaHiLa.1 
-869.9229 0.001 1.000e-3 1 0 0 0 62 e  0 0 0 0 61 e  90BlWaHiLa.2 
-867.9837 0.001 1.000e-3 1 0 0 0 56 e  0 0 0 0 55 e  90BlWaHiLa.3 
-863.2825 0.001 1.000e-3 1 0 0 0 42 e  0 0 0 0 41 e  90BlWaHiLa.4 
-860.8405 0.001 1.000e-3 1 0 0 0 35 e  0 0 0 0 34 e  90BlWaHiLa.5 
-860.1318 0.001 1.000e-3 1 0 0 0 33 e  0 0 0 0 32 e  90BlWaHiLa.6 
-856.1464 0.001 1.000e-3 1 0 0 0 22 e  0 0 0 0 21 e  90BlWaHiLa.7 
-854.2865 0.001 1.000e-3 1 0 0 0 17 e  0 0 0 0 16 e  90BlWaHiLa.8 
-852.3966 0.001 1.000e-3 1 0 0 0 12 e  0 0 0 0 11 e  90BlWaHiLa.11 
-850.4768 0.001 1.000e-3 1 0 0 0 7 e  0 0 0 0 6 e  90BlWaHiLa.12 
-850.0893 0.001 1.000e-3 1 0 0 0 6 e  0 0 0 0 5 e  90BlWaHiLa.13 
-849.7006 0.001 1.000e-3 1 0 0 0 5 e  0 0 0 0 4 e  90BlWaHiLa.14 
-849.3107 0.001 1.000e-3 1 0 0 0 4 e  0 0 0 0 3 e  90BlWaHiLa.15 
-841.6791 0.001 1.000e-3 1 0 0 0 14 e  0 0 0 0 15 e  90BlWaHiLa.16 
-839.6005 0.001 1.000e-3 1 0 0 0 19 e  0 0 0 0 20 e  90BlWaHiLa.19 
-839.1813 0.001 1.000e-3 1 0 0 0 20 e  0 0 0 0 21 e  90BlWaHiLa.20 
-838.7609 0.001 1.000e-3 1 0 0 0 21 e  0 0 0 0 22 e  90BlWaHiLa.21 
-838.3392 0.001 1.000e-3 1 0 0 0 22 e  0 0 0 0 23 e  90BlWaHiLa.22 
-835.7858 0.001 1.000e-3 1 0 0 0 28 e  0 0 0 0 29 e  90BlWaHiLa.23 
-835.7858 0.001 1.000e-3 1 0 0 0 28 e  0 0 0 0 29 e  90BlWaHiLa.24 
-834.4933 0.001 1.000e-3 1 0 0 0 31 e  0 0 0 0 32 e  90BlWaHiLa.25 
-833.1904 0.001 1.000e-3 1 0 0 0 34 e  0 0 0 0 35 e  90BlWaHiLa.26 
-832.7538 0.001 1.000e-3 1 0 0 0 35 e  0 0 0 0 36 e  90BlWaHiLa.27 
-832.7538 0.001 1.000e-3 1 0 0 0 35 e  0 0 0 0 36 e  90BlWaHiLa.28 
-832.3161 0.001 1.000e-3 1 0 0 0 36 e  0 0 0 0 37 e  90BlWaHiLa.29 
-832.3161 0.001 1.000e-3 1 0 0 0 36 e  0 0 0 0 37 e  90BlWaHiLa.30 
-829.1436 0.001 1.000e-3 1 0 0 0 43 e  0 0 0 0 44 e  90BlWaHiLa.31 
-828.7725 0.001 1.000e-3 1 0 0 0 44 e  0 0 0 0 45 e  90BlWaHiLa.32 
878.35590 0.00013 1.300e-4 1 0 0 0 90 e  0 0 0 0 89 e  81WePeMa.1 
870.58088 0.00007 7.000e-5 1 0 0 0 64 e  0 0 0 0 63 e  81WePeMa.2 
866.35439 0.00017 1.700e-4 1 0 0 0 51 e  0 0 0 0 50 e  81WePeMa.3 
864.33363 0.00010 1.000e-4 1 0 0 0 45 e  0 0 0 0 44 e  81WePeMa.4 
862.27371 0.00007 7.000e-5 1 0 0 0 39 e  0 0 0 0 38 e  81WePeMa.5 
861.22443 0.00007 7.000e-5 1 0 0 0 36 e  0 0 0 0 35 e  81WePeMa.6 
858.73037 0.00010 1.000e-4 1 0 0 0 29 e  0 0 0 0 28 e  81WePeMa.7 
25363605 0.052 5.200e-2 2 0 0 0 13 e  1 0 0 0 12 e  83WePeMa.1 
25442061 0.050 5.000e-2 2 0 0 0 20 e  1 0 0 0 19 e  83WePeMa.2 
25453111 0.032 3.200e-2 2 0 0 0 21 e  1 0 0 0 20 e  83WePeMa.3 
25464153 0.020 2.000e-2 2 0 0 0 22 e  1 0 0 0 21 e  83WePeMa.4 
25131884 0.035 3.500e-2 1 1 0 1 6 e  0 1 0 1 7 e  83WePeMa.5 
25355721 0.020 2.000e-2 1 1 0 1 12 e  0 1 0 1 11 e  83WePeMa.6 
25435166 0.020 2.000e-2 1 1 0 1 19 e  0 1 0 1 18 e  83WePeMa.7 
25446378 0.072 7.200e-2 1 1 0 1 20 e  0 1 0 1 19 e  83WePeMa.8 
25479832 0.030 3.000e-2 1 1 0 1 23 e  0 1 0 1 22 e  83WePeMa.9 
25545735 0.060 6.000e-2 1 1 0 1 29 e  0 1 0 1 28 e  83WePeMa.10 
25131809 0.035 3.500e-2 1 1 0 1 6 f  0 1 0 1 7 f  83WePeMa.11 
25355942 0.020 2.000e-2 1 1 0 1 12 f  0 1 0 1 11 f  83WePeMa.12 
25367448 0.060 6.000e-2 1 1 0 1 13 f  0 1 0 1 12 f  83WePeMa.13 
25435573 0.020 2.000e-2 1 1 0 1 19 f  0 1 0 1 18 f  83WePeMa.14 
25446804 0.072 7.200e-2 1 1 0 1 20 f  0 1 0 1 19 f  83WePeMa.15 
25458010 0.030 3.000e-2 1 1 0 1 21 f  0 1 0 1 20 f  83WePeMa.16 
25480338 0.030 3.000e-2 1 1 0 1 23 f  0 1 0 1 22 f  83WePeMa.17 
25546484 0.060 6.000e-2 1 1 0 1 29 f  0 1 0 1 28 f  83WePeMa.18 
25557418 0.040 4.000e-2 1 1 0 1 30 f  0 1 0 1 29 f  83WePeMa.19 
25600738 0.030 3.000e-2 1 1 0 1 34 f  0 1 0 1 33 f  83WePeMa.20 
25809130 0.050 5.000e-2 1 1 0 1 54 f  0 1 0 1 53 f  83WePeMa.21 
-1053.9235032 0.0033 3.300e-3 0 3 1 0 8 e  0 1 1 1 7 f  92MaLaFa.1 
-2055.1592524 0.0334 3.340e-2 0 1 1 1 2 e  0 1 1 1 1 e  92MaLaFa.2 
-2051.0758311 0.0334 3.340e-2 0 2 2 0 11 f  0 2 2 0 10 f  92MaLaFa.3 
-2046.9588766 0.0334 3.340e-2 0 2 2 1 3 f  0 2 2 0 2 f  92MaLaFa.4 
-2042.8085359 0.0334 3.340e-2 0 2 2 1 9 f  0 2 2 0 8 f  92MaLaFa.5 
-2041.0702547 0.0334 3.340e-2 0 2 2 1 13 e  0 2 2 0 14 e  92MaLaFa.6 
-2049.2089942 0.0334 3.340e-2 1 0 0 0 2 e  1 0 0 0 1 e  92MaLaFa.7 
-2051.0758311 0.0334 3.340e-2 1 1 1 1 2 f  1 1 1 1 1 e  92MaLaFa.8 
-2041.0702547 0.0334 3.340e-2 0 3 3 1 4 e  0 3 3 0 3 f  92MaLaFa.9 
-2037.1233301 0.0334 3.340e-2 0 3 3 1 5 e  0 3 3 0 4 e  92MaLaFa.10 
791107.050 0.200 2.000e-1 0 0 1 0 67 e  0 0 1 0 66 e  89VaJeWe.1 
805302.973 0.200 2.000e-1 0 0 0 0 68 e  0 0 0 0 67 e  89VaJeWe.2 
807763.668 0.200 2.000e-1 0 2 0 2 68 e  0 2 0 2 67 e  89VaJeWe.3 
808049.576 0.200 2.000e-1 0 2 0 2 68 f  0 2 0 2 67 f  89VaJeWe.4 
808062.907 0.200 2.000e-1 0 2 0 0 68 e  0 2 0 0 67 e  89VaJeWe.5 
818081.708 0.200 2.000e-1 0 1 0 1 69 e  0 1 0 1 68 e  89VaJeWe.6 
818914.201 0.200 2.000e-1 0 1 0 1 69 f  0 1 0 1 68 f  89VaJeWe.7 
23588.440 0.08 8.000e-2 2 0 0 0 2 e  2 0 0 0 1 e  67MoMa.1 
23589.520 0.08 8.000e-2 0 0 1 0 2 e  0 0 1 0 1 e  67MoMa.2 
23660.560 0.04 4.000e-2 1 0 0 0 2 e  1 0 0 0 1 e  67MoMa.3 
23760.480 0.04 4.000e-2 0 1 0 1 2 e  0 1 0 1 1 e  67MoMa.4 
23784.740 0.04 4.000e-2 0 1 0 1 2 f  0 1 0 1 1 f  67MoMa.5 
23804.970 0.04 4.000e-2 0 2 0 0 2 e  0 2 0 0 1 e  67MoMa.6 
35490.770 0.06 6.000e-2 1 0 0 0 3 e  1 0 0 0 2 e  67MoMa.7 
35640.660 0.06 6.000e-2 0 1 0 1 3 e  0 1 0 1 2 e  67MoMa.8 
35676.980 0.06 6.000e-2 0 1 0 1 3 f  0 1 0 1 2 f  67MoMa.9 
35707.500 0.06 6.000e-2 0 2 0 0 3 e  0 2 0 0 2 e  67MoMa.10 
35720.270 0.06 6.000e-2 0 2 0 2 3 e  0 2 0 2 2 e  67MoMa.11 
58973.390 0.030 3.000e-2 0 0 1 0 5 e  0 0 1 0 4 e  80BoBa.1 
70767.755 0.030 3.000e-2 0 0 1 0 6 e  0 0 1 0 5 e  80BoBa.2 
-12.13773 0.0002 2.000e-4 0 1 0 1 1 f  0 1 0 1 1 e  74ReDy.1 
-36.41273 0.0002 2.000e-4 0 1 0 1 2 f  0 1 0 1 2 e  74ReDy.2 
-72.82507 0.0002 2.000e-4 0 1 0 1 3 f  0 1 0 1 3 e  74ReDy.3 
-121.37446 0.0002 2.000e-4 0 1 0 1 4 f  0 1 0 1 4 e  74ReDy.4 
-182.06049 0.0002 2.000e-4 0 1 0 1 5 f  0 1 0 1 5 e  74ReDy.5 
-243.88278 0.0002 2.000e-4 0 1 0 1 6 f  0 1 0 1 6 e  74ReDy.6 
-339.84058 0.002 2.000e-3 0 1 0 1 7 f  0 1 0 1 7 e  74ReDy.7 
-436.93348 0.001 1.000e-3 0 1 0 1 8 f  0 1 0 1 8 e  74ReDy.8 
61074639.0 4.0 4.000e+0 0 0 1 0 52 e  0 0 0 0 53 e  90WeScMa.1 
61241514.1 8.0 8.000e+0 0 0 1 0 41 e  0 0 0 0 42 e  90WeScMa.2 
61615169.5 10.0 1.000e+1 0 0 1 0 14 e  0 0 0 0 15 e  90WeScMa.3 
61892945.4 7.0 7.000e+0 0 0 1 0 8 e  0 0 0 0 7 e  90WeScMa.4 
62022962.6 12.0 1.200e+1 0 0 1 0 20 e  0 0 0 0 19 e  90WeScMa.5 
62142677.4 10.0 1.000e+1 0 0 1 0 32 e  0 0 0 0 31 e  90WeScMa.6 
62269217.9 10.0 1.000e+1 0 0 1 0 46 e  0 0 0 0 45 e  90WeScMa.7 
62396400.3 10.0 1.000e+1 0 0 1 0 62 e  0 0 0 0 61 e  90WeScMa.8 
834.49391 0.00077 7.700e-4 1 0 0 0 31 e  0 0 0 0 32 e  81WePeMa.8 
838.33920 0.00160 1.600e-3 1 0 0 0 22 e  0 0 0 0 23 e  81WePeMa.9 
845.74859 0.00067 6.700e-4 1 0 0 0 4 e  0 0 0 0 5 e  81WePeMa.10 
846.15071 0.00267 2.670e-3 1 0 0 0 3 e  0 0 0 0 4 e  81WePeMa.11 
848.52748 0.00053 5.300e-4 1 0 0 0 2 e  0 0 0 0 1 e  81WePeMa.12 
848.91919 0.00040 4.000e-4 1 0 0 0 3 e  0 0 0 0 2 e  81WePeMa.13 
849.31029 0.00040 4.000e-4 1 0 0 0 4 e  0 0 0 0 3 e  81WePeMa.14 
849.70050 0.00100 1.000e-3 1 0 0 0 5 e  0 0 0 0 4 e  81WePeMa.15 
850.08980 0.00267 2.670e-3 1 0 0 0 6 e  0 0 0 0 5 e  81WePeMa.16 
852.01340 0.00254 2.540e-3 1 0 0 0 11 e  0 0 0 0 10 e  81WePeMa.17 
852.39739 0.00053 5.300e-4 1 0 0 0 12 e  0 0 0 0 11 e  81WePeMa.18 
852.77752 0.00040 4.000e-4 1 0 0 0 13 e  0 0 0 0 12 e  81WePeMa.19 
853.15655 0.00167 1.670e-3 1 0 0 0 14 e  0 0 0 0 13 e  81WePeMa.20 
853.91091 0.00093 9.300e-4 1 0 0 0 16 e  0 0 0 0 15 e  81WePeMa.21 
859.05980 0.00267 2.670e-3 1 0 0 0 30 e  0 0 0 0 29 e  81WePeMa.22 
859.41798 0.00040 4.000e-4 1 0 0 0 31 e  0 0 0 0 30 e  81WePeMa.23 
860.13181 0.00040 4.000e-4 1 0 0 0 33 e  0 0 0 0 32 e  81WePeMa.24 
860.48689 0.00080 8.000e-4 1 0 0 0 34 e  0 0 0 0 33 e  81WePeMa.25 
860.84070 0.00167 1.670e-3 1 0 0 0 35 e  0 0 0 0 34 e  81WePeMa.26 
861.89550 0.00107 1.070e-3 1 0 0 0 38 e  0 0 0 0 37 e  81WePeMa.27 
863.28259 0.00053 5.300e-4 1 0 0 0 42 e  0 0 0 0 41 e  81WePeMa.28 
866.66590 0.00133 1.330e-3 1 0 0 0 52 e  0 0 0 0 51 e  81WePeMa.29 
868.95898 0.00107 1.070e-3 1 0 0 0 59 e  0 0 0 0 58 e  81WePeMa.30 
869.28131 0.00147 1.470e-3 1 0 0 0 60 e  0 0 0 0 59 e  81WePeMa.31 
869.60280 0.00120 1.200e-3 1 0 0 0 61 e  0 0 0 0 60 e  81WePeMa.32 
869.92319 0.00080 8.000e-4 1 0 0 0 62 e  0 0 0 0 61 e  81WePeMa.33 
1671.5631 0.0037 3.700e-3 2 0 0 0 38 e  0 0 0 0 39 e  80MaOlSa.1 
1672.0493 0.0037 3.700e-3 2 0 0 0 37 e  0 0 0 0 38 e  80MaOlSa.2 
1672.5345 0.0037 3.700e-3 2 0 0 0 36 e  0 0 0 0 37 e  80MaOlSa.3 
1673.9700 0.0037 3.700e-3 2 0 0 0 33 e  0 0 0 0 34 e  80MaOlSa.4 
1674.4453 0.0037 3.700e-3 2 0 0 0 32 e  0 0 0 0 33 e  80MaOlSa.5 
1674.9178 0.0037 3.700e-3 2 0 0 0 31 e  0 0 0 0 32 e  80MaOlSa.6 
1675.3846 0.0037 3.700e-3 2 0 0 0 30 e  0 0 0 0 31 e  80MaOlSa.7 
1676.3155 0.0037 3.700e-3 2 0 0 0 28 e  0 0 0 0 29 e  80MaOlSa.8 
1676.7791 0.0037 3.700e-3 2 0 0 0 27 e  0 0 0 0 28 e  80MaOlSa.9 
1677.2406 0.0037 3.700e-3 2 0 0 0 26 e  0 0 0 0 27 e  80MaOlSa.10 
1677.6966 0.0037 3.700e-3 2 0 0 0 25 e  0 0 0 0 26 e  80MaOlSa.11 
1679.0543 0.0037 3.700e-3 2 0 0 0 22 e  0 0 0 0 23 e  80MaOlSa.12 
1679.5031 0.0037 3.700e-3 2 0 0 0 21 e  0 0 0 0 22 e  80MaOlSa.13 
1679.9480 0.0037 3.700e-3 2 0 0 0 20 e  0 0 0 0 21 e  80MaOlSa.14 
1680.8324 0.0037 3.700e-3 2 0 0 0 18 e  0 0 0 0 19 e  80MaOlSa.15 
1681.2701 0.0037 3.700e-3 2 0 0 0 17 e  0 0 0 0 18 e  80MaOlSa.16 
1681.7079 0.0037 3.700e-3 2 0 0 0 16 e  0 0 0 0 17 e  80MaOlSa.17 
1682.1418 0.0037 3.700e-3 2 0 0 0 15 e  0 0 0 0 16 e  80MaOlSa.18 
1683.8526 0.0037 3.700e-3 2 0 0 0 11 e  0 0 0 0 12 e  80MaOlSa.19 
1684.6933 0.0037 3.700e-3 2 0 0 0 9 e  0 0 0 0 10 e  80MaOlSa.20 
1685.1097 0.0037 3.700e-3 2 0 0 0 8 e  0 0 0 0 9 e  80MaOlSa.21 
1685.5259 0.0037 3.700e-3 2 0 0 0 7 e  0 0 0 0 8 e  80MaOlSa.22 
1685.9372 0.0037 3.700e-3 2 0 0 0 6 e  0 0 0 0 7 e  80MaOlSa.23 
1687.9656 0.0037 3.700e-3 2 0 0 0 1 e  0 0 0 0 2 e  80MaOlSa.24 
1691.0820 0.0037 3.700e-3 2 0 0 0 6 e  0 0 0 0 5 e  80MaOlSa.25 
1691.4607 0.0037 3.700e-3 2 0 0 0 7 e  0 0 0 0 6 e  80MaOlSa.26 
1692.2102 0.0037 3.700e-3 2 0 0 0 9 e  0 0 0 0 8 e  80MaOlSa.27 
1692.9573 0.0037 3.700e-3 2 0 0 0 11 e  0 0 0 0 10 e  80MaOlSa.28 
1694.0496 0.0037 3.700e-3 2 0 0 0 14 e  0 0 0 0 13 e  80MaOlSa.29 
1694.4094 0.0037 3.700e-3 2 0 0 0 15 e  0 0 0 0 14 e  80MaOlSa.30 
1694.7672 0.0037 3.700e-3 2 0 0 0 16 e  0 0 0 0 15 e  80MaOlSa.31 
1696.1712 0.0037 3.700e-3 2 0 0 0 20 e  0 0 0 0 19 e  80MaOlSa.32 
1696.5166 0.0037 3.700e-3 2 0 0 0 21 e  0 0 0 0 20 e  80MaOlSa.33 
1696.8590 0.0037 3.700e-3 2 0 0 0 22 e  0 0 0 0 21 e  80MaOlSa.34 
1697.2026 0.0037 3.700e-3 2 0 0 0 23 e  0 0 0 0 22 e  80MaOlSa.35 
1697.8740 0.0037 3.700e-3 2 0 0 0 25 e  0 0 0 0 24 e  80MaOlSa.36 
1698.5382 0.0037 3.700e-3 2 0 0 0 27 e  0 0 0 0 26 e  80MaOlSa.37 
1698.8671 0.0037 3.700e-3 2 0 0 0 28 e  0 0 0 0 27 e  80MaOlSa.38 
1699.5177 0.0037 3.700e-3 2 0 0 0 30 e  0 0 0 0 29 e  80MaOlSa.39 
1699.8378 0.0037 3.700e-3 2 0 0 0 31 e  0 0 0 0 30 e  80MaOlSa.40 
1701.0994 0.0037 3.700e-3 2 0 0 0 35 e  0 0 0 0 34 e  80MaOlSa.41 
1701.4077 0.0037 3.700e-3 2 0 0 0 36 e  0 0 0 0 35 e  80MaOlSa.42 
1701.7133 0.0037 3.700e-3 2 0 0 0 37 e  0 0 0 0 36 e  80MaOlSa.43 
1702.0182 0.0037 3.700e-3 2 0 0 0 38 e  0 0 0 0 37 e  80MaOlSa.44 
1702.6203 0.0037 3.700e-3 2 0 0 0 40 e  0 0 0 0 39 e  80MaOlSa.45 
1702.9176 0.0037 3.700e-3 2 0 0 0 41 e  0 0 0 0 40 e  80MaOlSa.46 
1703.2116 0.0037 3.700e-3 2 0 0 0 42 e  0 0 0 0 41 e  80MaOlSa.47 
1703.5028 0.0037 3.700e-3 2 0 0 0 43 e  0 0 0 0 42 e  80MaOlSa.48 
1704.0792 0.0037 3.700e-3 2 0 0 0 45 e  0 0 0 0 44 e  80MaOlSa.49 
1704.3631 0.0037 3.700e-3 2 0 0 0 46 e  0 0 0 0 45 e  80MaOlSa.50 
1704.9253 0.0037 3.700e-3 2 0 0 0 48 e  0 0 0 0 47 e  80MaOlSa.51 
1705.2033 0.0037 3.700e-3 2 0 0 0 49 e  0 0 0 0 48 e  80MaOlSa.52 
1705.4789 0.0037 3.700e-3 2 0 0 0 50 e  0 0 0 0 49 e  80MaOlSa.53 
1705.7503 0.0037 3.700e-3 2 0 0 0 51 e  0 0 0 0 50 e  80MaOlSa.54 
1706.2897 0.0037 3.700e-3 2 0 0 0 53 e  0 0 0 0 52 e  80MaOlSa.55 
1706.5492 0.0037 3.700e-3 2 0 0 0 54 e  0 0 0 0 53 e  80MaOlSa.56 
1707.8386 0.0037 3.700e-3 2 0 0 0 59 e  0 0 0 0 58 e  80MaOlSa.57 
1708.5806 0.0037 3.700e-3 2 0 0 0 62 e  0 0 0 0 61 e  80MaOlSa.58 
30982208.0 2.0 2.000e+0 0 2 0 0 30 e  0 0 0 0 31 e  79WePeMa.1 
30983698.0 2.0 2.000e+0 0 3 0 1 47 f  0 1 0 1 48 f  79WePeMa.2 
