1) 0 0 0 0 2 e  in component 0 = 1.14176024
   92MaLaFa.02  2025.079324  0.00003340  -0.00000000  0 0 1 0 1 e   2026.22108424
   81BuVaKa.1  0.7611733848221092  0.00000067  0.00000004  0 0 0 0 1 e   0.38058689
   81BuVaKa.2  1.141758042492183  0.00000100  -0.00000000  0 0 0 0 3 e   2.28351828
   82KiMi.3  0.7611733848221092  0.00000334  0.00000004  0 0 0 0 1 e   0.38058689
   82KiMi.16  1.141758042492183  0.00000334  -0.00000000  0 0 0 0 3 e   2.28351828
   73MaJo.10  0.7611733848221092  0.00000067  0.00000004  0 0 0 0 1 e   0.38058689
   73MaJo.11  1.141758042492183  0.00000100  -0.00000000  0 0 0 0 3 e   2.28351828
   74Ma.1  0.7611733848221092  0.00000067  0.00000004  0 0 0 0 1 e   0.38058689
   74Ma.2  1.141758042492183  0.00000100  -0.00000000  0 0 0 0 3 e   2.28351828
   52KiTo.1  0.7611699157555191  0.00000344  -0.00000343  0 0 0 0 1 e   0.38058689

2) 0 0 1 0 1 e  in component 0 = 2026.22108424
   92MaLaFa.02  2025.079324  0.00003340  -0.00000000  0 0 0 0 2 e   1.14176024
   73MaJo.21  0.7565026869355066  0.00000267  -0.00000000  0 0 1 0 2 e   2026.97758692

3) 0 1 0 1 10 e  in component 0 = 535.95510165
   92MaLaFa.03  2015.002908  0.00003340  0.00000000  0 1 1 1 9 f   2550.95800965
   81BuVaKa.16  4.1916147870537825  0.00000100  -0.00000000  0 1 0 1 11 e   540.14671643
   73MaJo.38  4.1916147870537825  0.00000100  -0.00000000  0 1 0 1 11 e   540.14671643
   82KiMi.53  3.810602867134169  0.00000334  -0.00000000  0 1 0 1 9 e   532.14449878

4) 0 1 1 1 9 f  in component 0 = 2550.95800965
   92MaLaFa.03  2015.002908  0.00003340  0.00000000  0 1 0 1 10 e   535.95510165

5) 0 1 0 1 1 f  in component 0 = 515.37789788
   92MaLaFa.04  2020.997399  0.00003340  0.00000000  0 1 1 1 3 f   2536.37529688
   76FaVa.92  2093.805294  0.00700000  0.00000000  0 5 0 1 1 f   2609.18319188
   76FaVa.93  2018.876697  0.00800000  -0.00077701  0 1 1 1 1 f   2534.25537189
   76FaVa.104  3048.199049  0.01000000  0.00000000  0 3 1 1 1 f   3563.57694688
   76FaVa.105  2846.497815  0.25300000  0.27583626  1 1 1 1 1 f   3361.59987662
   76FaVa.106  2673.359474  0.01000000  0.00000000  2 3 0 1 1 f   3188.73737188
   76FaVa.107  2475.793947  0.00800000  0.00000000  3 1 0 1 1 f   2991.17184488
   76FaVa.114  5032.159875  0.00800000  0.00000000  0 3 2 1 1 f   5547.53777288
   76FaVa.115  4839.56756  0.00800000  0.00000000  1 1 2 1 1 f   5354.94545788
   76FaVa.116  4672.167453  0.00800000  0.00000000  2 3 1 1 1 f   5187.54535088
   76FaVa.117  4483.894039  0.01000000  0.00000000  3 1 1 1 1 f   4999.27193688
   76FaVa.123  5990.654131  0.00800000  0.00000000  0 1 3 1 1 f   6506.03202888
   81BuVaKa.26  0.7629020473890641  0.00000067  -0.00000049  0 1 0 1 2 f   516.14080042
   82KiMi.5  0.7629020473890641  0.00000334  -0.00000049  0 1 0 1 2 f   516.14080042
   74ReDy.8  0.0003771459120562666  0.00000002  -0.00000000  0 1 0 1 1 e   515.37752073
   73MaJo.30  0.7629020473890641  0.00000067  -0.00000049  0 1 0 1 2 f   516.14080042

6) 0 1 1 1 3 f  in component 0 = 2536.37529688
   92MaLaFa.04  2020.997399  0.00003340  0.00000000  0 1 0 1 1 f   515.37789788

7) 0 1 0 1 16 e  in component 0 = 566.81973567
   92MaLaFa.05  2025.079324  0.00003340  -0.00000000  0 1 1 1 17 f   2591.89905967
   82KiMi.74  6.096550967936625  0.00000334  -0.00000000  0 1 0 1 15 e   560.72318471
   82KiMi.80  6.4774811646529145  0.00000334  -0.00000000  0 1 0 1 17 e   573.29721684

8) 0 1 1 1 17 f  in component 0 = 2591.89905967
   92MaLaFa.05  2025.079324  0.00003340  -0.00000000  0 1 0 1 16 e   566.81973567

9) 0 2 0 0 2 e  in component 0 = 1037.65190428
   92MaLaFa.06  2011.091001  0.00003340  -0.00000000  0 2 1 0 0 e   3048.74290528
   81BuVaKa.39  0.7635836856176015  0.00000067  -0.00000000  0 2 0 0 1 e   1036.88832060
   81BuVaKa.40  1.1453740440661784  0.00000033  0.00000000  0 2 0 0 3 e   1038.79727833
   82KiMi.7  0.7635836856176015  0.00000334  -0.00000000  0 2 0 0 1 e   1036.88832060
   82KiMi.15  0.7635836856176015  0.00000334  -0.00000000  0 2 0 0 1 e   1036.88832060
   73MaJo.13  0.7635836856176015  0.00000067  -0.00000000  0 2 0 0 1 e   1036.88832060
   73MaJo.15  1.1453740440661784  0.00000334  0.00000000  0 2 0 0 3 e   1038.79727833
   82KiMi.28  1.1453740440661784  0.00000334  0.00000000  0 2 0 0 3 e   1038.79727833

10) 0 2 1 0 0 e  in component 0 = 3048.74290528
   92MaLaFa.06  2011.091001  0.00003340  -0.00000000  0 2 0 0 2 e   1037.65190428
   76FaVa.7  3048.743  0.01300000  0.00009472  0 0 0 0 0 e   0.00000000

11) 0 2 0 2 8 e  in component 1 = -1.00000000
   92MaLaFa.07  2015.002908  0.00003340  2015.00290800  0 2 1 2 9 e   -1.00000000

12) 0 2 1 2 9 e  in component 1 = -1.00000000
   92MaLaFa.07  2015.002908  0.00003340  2015.00290800  0 2 0 2 8 e   -1.00000000

13) 0 3 0 1 2 e  in component 2 = -1.00000000
   92MaLaFa.08  2007.145129  0.00003340  2007.14512900  0 3 1 1 3 e   -1.00000000
   82KiMi.11  0.7639456026608915  0.00000334  0.76394560  0 3 0 1 1 e   -1.00000000
   82KiMi.14  0.7639456026608915  0.00000334  0.76394560  0 3 0 1 1 e   -1.00000000
   82KiMi.17  0.7639456026608915  0.00000334  0.76394560  0 3 0 1 1 e   -1.00000000
   73MaJo.39  0.7639456026608915  0.00000100  0.76394560  0 3 0 1 1 e   -1.00000000
   73MaJo.41  1.1459176868285326  0.00000133  1.14591769  0 3 0 1 3 e   -1.00000000
   82KiMi.31  1.1459176868285326  0.00000334  1.14591769  0 3 0 1 3 e   -1.00000000

14) 0 3 1 1 3 e  in component 2 = -1.00000000
   92MaLaFa.08  2007.145129  0.00003340  2007.14512900  0 3 0 1 2 e   -1.00000000

15) 0 3 0 1 2 f  in component 3 = -1.00000000
   92MaLaFa.09  2007.145129  0.00003340  2007.14512900  0 3 1 1 3 f   -1.00000000
   82KiMi.10  0.7654142853720489  0.00000334  0.76541429  0 3 0 1 1 f   -1.00000000
   82KiMi.13  0.7654142186592299  0.00000334  0.76541422  0 3 0 1 1 f   -1.00000000
   82KiMi.19  0.7654142186592299  0.00000334  0.76541422  0 3 0 1 1 f   -1.00000000
   73MaJo.32  0.7654142853720489  0.00000133  0.76541429  0 3 0 1 1 f   -1.00000000
   73MaJo.34  1.148121945082421  0.00000500  1.14812195  0 3 0 1 3 f   -1.00000000
   82KiMi.32  1.148121945082421  0.00000334  1.14812195  0 3 0 1 3 f   -1.00000000

16) 0 3 1 1 3 f  in component 3 = -1.00000000
   92MaLaFa.09  2007.145129  0.00003340  2007.14512900  0 3 0 1 2 f   -1.00000000

17) 1 1 0 1 1 f  in component 0 = 1346.59696862
   92MaLaFa.10  2015.002908  0.00003340  -0.00000000  1 1 1 1 1 e   3361.59987662
   92MaLaFa.12  2015.002908  0.00003340  -0.00000000  1 1 1 1 1 f   3361.59987662
   82KiMi.9  0.7609520984013547  0.00000334  -0.00000009  1 1 0 1 2 f   1347.35792081
   82KiMi.21  0.7609521984705833  0.00000334  0.00000001  1 1 0 1 2 f   1347.35792081
   73MaJo.33  0.7609521984705833  0.00000133  0.00000001  1 1 0 1 2 f   1347.35792081

18) 1 1 1 1 1 e  in component 0 = 3361.59987662
   92MaLaFa.10  2015.002908  0.00003340  -0.00000000  1 1 0 1 1 f   1346.59696862
   92MaLaFa.11  2015.002908  0.00003340  -0.00000000  1 1 0 1 1 e   1346.59696861
   76FaVa.134  2846.498771  0.25360000  0.27641512  0 1 0 1 1 e   515.37752073

19) 1 1 0 1 1 e  in component 0 = 1346.59696861
   92MaLaFa.11  2015.002908  0.00003340  -0.00000000  1 1 1 1 1 e   3361.59987662
   82KiMi.8  0.760145373637118  0.00000334  0.00000000  1 1 0 1 2 e   1347.35711399
   82KiMi.22  0.760145373637118  0.00000334  0.00000000  1 1 0 1 2 e   1347.35711399
   73MaJo.40  0.760145373637118  0.00000133  0.00000000  1 1 0 1 2 e   1347.35711399

20) 1 1 1 1 1 f  in component 0 = 3361.59987662
   92MaLaFa.12  2015.002908  0.00003340  -0.00000000  1 1 0 1 1 f   1346.59696862
   76FaVa.105  2846.497815  0.25300000  0.27583626  0 1 0 1 1 f   515.37789788

21) 0 1 0 1 1 e  in component 0 = 515.37752073
   92MaLaFa.13  2020.997399  0.00003340  -0.00000000  0 1 1 1 3 e   2536.37491973
   76FaVa.126  2093.811566  0.01000000  -0.00000000  0 5 0 1 1 e   2609.18908673
   76FaVa.133  3048.197682  0.01200000  0.00000000  0 3 1 1 1 e   3563.57520273
   76FaVa.134  2846.498771  0.25360000  0.27641512  1 1 1 1 1 e   3361.59987662
   76FaVa.135  2673.367017  0.00900000  -0.00000000  2 3 0 1 1 e   3188.74453773
   76FaVa.136  2475.793947  0.00800000  0.00000000  3 1 0 1 1 e   2991.17146773
   76FaVa.145  3862.742832  0.00700000  0.00000000  1 3 1 1 1 e   4378.12035273
   76FaVa.149  5032.168457  0.00800000  0.00000000  0 3 2 1 1 e   5547.54597773
   76FaVa.150  4672.183927  0.00900000  0.00000000  2 3 1 1 1 e   5187.56144773
   81BuVaKa.14  0.7621490264441543  0.00000071  0.00000073  0 1 0 1 2 e   516.13966904
   82KiMi.4  0.7621490264441543  0.00000334  0.00000073  0 1 0 1 2 e   516.13966904
   74ReDy.8  0.0003771459120562666  0.00000002  -0.00000000  0 1 0 1 1 f   515.37789788
   73MaJo.36  0.7621490264441543  0.00000100  0.00000073  0 1 0 1 2 e   516.13966904

22) 0 1 1 1 3 e  in component 0 = 2536.37491973
   92MaLaFa.13  2020.997399  0.00003340  -0.00000000  0 1 0 1 1 e   515.37752073

23) 0 1 0 1 17 f  in component 0 = 573.34358915
   79WePeMa.1  1042.374427  0.00006700  0.00000000  1 1 0 1 17 f   1615.71801615
   90BlWaHiLa.2  831.070332  0.00400000  0.00000000  0 3 0 1 17 f   1404.41392115
   82KiMi.78  6.865216068911247  0.00000334  0.00000000  0 1 0 1 18 f   580.20880522
   82KiMi.81  6.483885595280719  0.00000334  0.00000000  0 1 0 1 16 f   566.85970355

24) 1 1 0 1 17 f  in component 0 = 1615.71801615
   79WePeMa.1  1042.374427  0.00006700  0.00000000  0 1 0 1 17 f   573.34358915

25) 0 0 0 0 44 e  in component 4 = -1.00000000
   81WePeMa.1  836.931279  0.00016700  836.93127900  1 0 0 0 44 e   -1.00000000
   76FaVa.52  4506.416405  0.00700000  4506.41640500  3 0 1 0 44 e   -1.00000000
   76FaVa.53  4502.612518  0.00800000  4502.61251800  3 4 0 0 44 e   -1.00000000
   81BuVaKa.13  16.732955536860104  0.00000037  16.73295554  0 0 0 0 43 e   -1.00000000

26) 1 0 0 0 44 e  in component 4 = -1.00000000
   81WePeMa.1  836.931279  0.00016700  836.93127900  0 0 0 0 44 e   -1.00000000

27) 0 0 0 0 59 e  in component 5 = -1.00000000
   81WePeMa.2  836.081952  0.00006700  836.08195200  1 0 0 0 59 e   -1.00000000
   85HuFoJoMc.4  2022.012929  0.00030000  2022.01292900  0 0 1 0 59 e   -1.00000000

28) 1 0 0 0 59 e  in component 5 = -1.00000000
   81WePeMa.2  836.081952  0.00006700  836.08195200  0 0 0 0 59 e   -1.00000000

29) 0 0 0 0 71 e  in component 6 = -1.00000000
   81WePeMa.3  835.222521  0.00010000  835.22252100  1 0 0 0 71 e   -1.00000000

30) 1 0 0 0 71 e  in component 6 = -1.00000000
   81WePeMa.3  835.222521  0.00010000  835.22252100  0 0 0 0 71 e   -1.00000000

31) 0 0 0 0 86 e  in component 7 = -1.00000000
   81WePeMa.4  833.920316  0.00013300  833.92031600  1 0 0 0 86 e   -1.00000000

32) 1 0 0 0 86 e  in component 7 = -1.00000000
   81WePeMa.4  833.920316  0.00013300  833.92031600  0 0 0 0 86 e   -1.00000000

33) 0 0 0 0 93 e  in component 8 = -1.00000000
   81WePeMa.5  833.224643  0.00023300  833.22464300  1 0 0 0 93 e   -1.00000000

34) 1 0 0 0 93 e  in component 8 = -1.00000000
   81WePeMa.5  833.224643  0.00023300  833.22464300  0 0 0 0 93 e   -1.00000000

35) 0 0 0 0 0 e  in component 0 = 0.00000000
   76FaVa.1  2083.3  0.00800000  0.00000000  0 4 0 0 0 e   2083.30000000
   76FaVa.2  2026.149  0.01100000  0.00000000  0 0 1 0 0 e   2026.14900000
   76FaVa.7  3048.743  0.01300000  0.00009472  0 2 1 0 0 e   3048.74290528
   76FaVa.8  2860.685  0.00800000  0.00000000  1 0 1 0 0 e   2860.68500000
   76FaVa.9  2679.681  0.01000000  0.00000000  2 2 0 0 0 e   2679.68100000
   76FaVa.10  2494.799  0.00700000  0.00000000  3 0 0 0 0 e   2494.79900000
   76FaVa.26  4030.371  0.00700000  -0.00000000  0 1 2 0 0 e   4030.37100000
   76FaVa.27  3869.597  0.00700000  0.00084772  1 2 1 0 0 e   3869.59615228
   76FaVa.28  3688.819  0.00700000  0.00057101  2 0 1 0 0 e   3688.81842899
   76FaVa.29  3313.474  0.00700000  -0.00021645  4 0 0 0 0 e   3313.47421645
   76FaVa.43  5039.236  0.00700000  0.00000000  0 2 2 0 0 e   5039.23600000
   76FaVa.44  4684.976  0.00700000  -0.00119288  2 2 1 0 0 e   4684.97719288
   76FaVa.45  4511.41  0.00700000  0.00000000  3 0 1 0 0 e   4511.41000000
   76FaVa.46  4503.42  0.01600000  -0.00000000  3 4 0 0 0 e   4503.42000000
   76FaVa.83  6012.679  0.00700000  0.00000000  0 0 3 0 0 e   6012.67900000
   76FaVa.84  5856.278  0.00800000  -0.00000000  1 2 2 0 0 e   5856.27800000
   76FaVa.89  6839.53  0.01500000  -0.00000000  1 0 3 0 0 e   6839.53000000
   82KiMi.1  0.38058729282642595  0.00000334  0.00000040  0 0 0 0 1 e   0.38058689
   87LoSu.1  0.3805868925495117  0.00000013  -0.00000000  0 0 0 0 1 e   0.38058689

36) 0 4 0 0 0 e  in component 0 = 2083.30000000
   76FaVa.1  2083.3  0.00800000  0.00000000  0 0 0 0 0 e   0.00000000

37) 0 0 1 0 0 e  in component 0 = 2026.14900000
   76FaVa.2  2026.149  0.01100000  0.00000000  0 0 0 0 0 e   0.00000000

38) 0 0 0 0 3 e  in component 0 = 2.28351828
   85HuFoJoMc.1  2026.132999  0.00030000  -0.00000000  0 0 1 0 3 e   2028.41651728
   81BuVaKa.2  1.141758042492183  0.00000100  -0.00000000  0 0 0 0 2 e   1.14176024
   82KiMi.16  1.141758042492183  0.00000334  -0.00000000  0 0 0 0 2 e   1.14176024
   73MaJo.11  1.141758042492183  0.00000100  -0.00000000  0 0 0 0 2 e   1.14176024
   74Ma.2  1.141758042492183  0.00000100  -0.00000000  0 0 0 0 2 e   1.14176024
   82KiMi.37  1.5223394979469431  0.00000334  -0.00000000  0 0 0 0 4 e   3.80585778

39) 0 0 1 0 3 e  in component 0 = 2028.41651728
   85HuFoJoMc.1  2026.132999  0.00030000  -0.00000000  0 0 0 0 3 e   2.28351828

40) 0 0 0 0 30 e  in component 0 = 176.94034232
   76FaVa.3  2084.324477  0.00800000  0.00000000  0 4 0 0 30 e   2261.26481932
   85HuFoJoMc.2  2025.061047  0.00030000  -0.00000000  0 0 1 0 30 e   2202.00138932
   76FaVa.11  3048.25673  0.01300000  0.00000000  0 2 1 0 30 e   3225.19707232
   76FaVa.12  2859.121866  0.00800000  0.00000000  1 0 1 0 30 e   3036.06220832
   76FaVa.13  2679.36184  0.01000000  0.00000000  2 2 0 0 30 e   2856.30218232
   76FaVa.14  2493.257171  0.00700000  0.00000000  3 0 0 0 30 e   2670.19751332
   76FaVa.30  4028.198866  0.00700000  0.00000000  0 0 2 0 30 e   4205.13920832
   76FaVa.31  3868.710975  0.00700000  -0.00206032  1 2 1 0 30 e   4045.65337765
   76FaVa.32  3686.804805  0.00700000  0.00369705  2 0 1 0 30 e   3863.74145028
   76FaVa.33  3311.400228  0.00700000  -0.00201106  4 0 0 0 30 e   3488.34258139
   76FaVa.47  5037.708288  0.00700000  0.00000000  0 2 2 0 30 e   5214.64863032
   76FaVa.48  4858.611694  0.01000000  0.00079685  1 0 2 0 30 e   5035.55123947
   76FaVa.49  4683.681353  0.00700000  -0.00001612  2 2 1 0 30 e   4860.62171144
   76FaVa.50  4508.984211  0.00700000  0.00000000  3 0 1 0 30 e   4685.92455332
   76FaVa.51  4503.08174  0.00800000  -0.00000000  3 4 0 0 30 e   4680.02208232
   76FaVa.85  6009.428903  0.00700000  0.00000000  0 0 3 0 30 e   6186.36924532
   76FaVa.86  5854.375734  0.00800000  0.00000000  1 2 2 0 30 e   6031.31607632
   76FaVa.90  6835.892899  0.01500000  -0.00000000  1 0 3 0 30 e   7012.83324132
   76FaVa.101  2533.207366  0.00800000  -0.00000050  0 1 1 1 30 f   2710.14770883
   76FaVa.130  2533.035707  0.00800000  0.00000000  0 1 1 1 30 e   2709.97604932
   81BuVaKa.7  11.41353195749841  0.00000037  0.00000000  0 0 0 0 29 e   165.52681037
   81BuVaKa.8  11.793696958180316  0.00000037  0.00000000  0 0 0 0 31 e   188.73403928

41) 0 4 0 0 30 e  in component 0 = 2261.26481932
   76FaVa.3  2084.324477  0.00800000  0.00000000  0 0 0 0 30 e   176.94034232

42) 0 0 1 0 30 e  in component 0 = 2202.00138932
   85HuFoJoMc.2  2025.061047  0.00030000  -0.00000000  0 0 0 0 30 e   176.94034232

43) 0 0 0 0 50 e  in component 9 = -1.00000000
   76FaVa.4  2086.198279  0.00800000  2086.19827900  0 4 0 0 50 e   -1.00000000
   85HuFoJoMc.3  2023.169149  0.00030000  2023.16914900  0 0 1 0 50 e   -1.00000000
   76FaVa.15  3047.431573  0.01300000  3047.43157300  0 2 1 0 50 e   -1.00000000
   76FaVa.16  2856.396591  0.00800000  2856.39659100  1 0 1 0 50 e   -1.00000000
   76FaVa.17  2678.834387  0.01000000  2678.83438700  2 2 0 0 50 e   -1.00000000
   76FaVa.18  2490.564381  0.00700000  2490.56438100  3 0 0 0 50 e   -1.00000000
   76FaVa.34  4024.416801  0.00700000  4024.41680100  0 0 2 0 50 e   -1.00000000
   76FaVa.35  3867.186166  0.00700000  3867.18616600  1 2 1 0 50 e   -1.00000000
   76FaVa.36  3683.272661  0.00700000  3683.27266100  2 0 1 0 50 e   -1.00000000
   76FaVa.37  3307.773806  0.00700000  3307.77380600  4 0 0 0 50 e   -1.00000000
   76FaVa.54  5035.064876  0.00700000  5035.06487600  0 2 2 0 50 e   -1.00000000
   76FaVa.55  4854.062253  0.01000000  4854.06225300  1 0 2 0 50 e   -1.00000000
   76FaVa.56  4681.44351  0.00700000  4681.44351000  2 2 1 0 50 e   -1.00000000
   76FaVa.57  4505.253281  0.00700000  4505.25328100  3 0 1 0 50 e   -1.00000000
   76FaVa.58  4502.14999  0.00800000  4502.14999000  3 0 1 0 50 e   -1.00000000
   76FaVa.87  6003.769096  0.00700000  6003.76909600  0 0 3 0 50 e   -1.00000000
   76FaVa.91  6829.525496  0.01500000  6829.52549600  1 0 3 0 50 e   -1.00000000
   76FaVa.102  2532.037188  0.00800000  2532.03718800  0 1 1 1 50 f   -1.00000000
   76FaVa.131  2531.565272  0.00800000  2531.56527200  0 1 1 1 50 e   -1.00000000

44) 0 4 0 0 50 e  in component 9 = -1.00000000
   76FaVa.4  2086.198279  0.00800000  2086.19827900  0 0 0 0 50 e   -1.00000000

45) 0 0 1 0 50 e  in component 9 = -1.00000000
   85HuFoJoMc.3  2023.169149  0.00030000  2023.16914900  0 0 0 0 50 e   -1.00000000

46) 0 0 1 0 59 e  in component 5 = -1.00000000
   85HuFoJoMc.4  2022.012929  0.00030000  2022.01292900  0 0 0 0 59 e   -1.00000000

47) 0 0 0 0 65 e  in component 10 = -1.00000000
   76FaVa.5  2021.132954  0.01100000  2021.13295400  0 0 1 0 65 e   -1.00000000
   76FaVa.19  3046.57628  0.01300000  3046.57628000  0 2 1 0 65 e   -1.00000000
   76FaVa.20  2853.466053  0.00800000  2853.46605300  1 0 1 0 65 e   -1.00000000
   76FaVa.21  2678.308204  0.01000000  2678.30820400  2 2 0 0 65 e   -1.00000000
   76FaVa.22  2487.662186  0.00700000  2487.66218600  3 0 0 0 65 e   -1.00000000
   76FaVa.38  4020.356922  0.00700000  4020.35692200  0 0 2 0 65 e   -1.00000000
   76FaVa.39  3865.574717  0.00700000  3865.57471700  1 2 1 0 65 e   -1.00000000
   76FaVa.40  3679.445552  0.00700000  3679.44555200  2 0 1 0 65 e   -1.00000000
   76FaVa.61  4849.172937  0.01000000  4849.17293700  1 0 2 0 65 e   -1.00000000
   76FaVa.62  4679.064457  0.00700000  4679.06445700  2 2 1 0 65 e   -1.00000000
   76FaVa.88  5997.692383  0.00700000  5997.69238300  0 0 3 0 65 e   -1.00000000
   76FaVa.103  2530.775068  0.00800000  2530.77506800  0 1 1 1 65 f   -1.00000000
   76FaVa.132  2529.9789  0.00800000  2529.97890000  0 1 1 1 65 e   -1.00000000

48) 0 0 1 0 65 e  in component 10 = -1.00000000
   76FaVa.5  2021.132954  0.01100000  2021.13295400  0 0 0 0 65 e   -1.00000000

49) 0 0 0 0 78 e  in component 11 = -1.00000000
   76FaVa.6  2018.948056  0.01100000  2018.94805600  0 0 1 0 78 e   -1.00000000
   76FaVa.23  3045.691939  0.01300000  3045.69193900  0 2 1 0 78 e   -1.00000000
   76FaVa.24  2850.309277  0.00800000  2850.30927700  1 0 1 0 78 e   -1.00000000
   76FaVa.41  4015.991756  0.00700000  4015.99175600  0 0 2 0 78 e   -1.00000000
   76FaVa.42  3863.871448  0.00700000  3863.87144800  1 2 1 0 78 e   -1.00000000

50) 0 0 1 0 78 e  in component 11 = -1.00000000
   76FaVa.6  2018.948056  0.01100000  2018.94805600  0 0 0 0 78 e   -1.00000000

51) 1 0 1 0 0 e  in component 0 = 2860.68500000
   76FaVa.8  2860.685  0.00800000  0.00000000  0 0 0 0 0 e   0.00000000

52) 2 2 0 0 0 e  in component 0 = 2679.68100000
   76FaVa.9  2679.681  0.01000000  0.00000000  0 0 0 0 0 e   0.00000000

53) 3 0 0 0 0 e  in component 0 = 2494.79900000
   76FaVa.10  2494.799  0.00700000  0.00000000  0 0 0 0 0 e   0.00000000

54) 0 2 1 0 30 e  in component 0 = 3225.19707232
   76FaVa.11  3048.25673  0.01300000  0.00000000  0 0 0 0 30 e   176.94034232

55) 1 0 1 0 30 e  in component 0 = 3036.06220832
   76FaVa.12  2859.121866  0.00800000  0.00000000  0 0 0 0 30 e   176.94034232

56) 2 2 0 0 30 e  in component 0 = 2856.30218232
   76FaVa.13  2679.36184  0.01000000  0.00000000  0 0 0 0 30 e   176.94034232

57) 3 0 0 0 30 e  in component 0 = 2670.19751332
   76FaVa.14  2493.257171  0.00700000  0.00000000  0 0 0 0 30 e   176.94034232

58) 0 2 1 0 50 e  in component 9 = -1.00000000
   76FaVa.15  3047.431573  0.01300000  3047.43157300  0 0 0 0 50 e   -1.00000000

59) 1 0 1 0 50 e  in component 9 = -1.00000000
   76FaVa.16  2856.396591  0.00800000  2856.39659100  0 0 0 0 50 e   -1.00000000

60) 2 2 0 0 50 e  in component 9 = -1.00000000
   76FaVa.17  2678.834387  0.01000000  2678.83438700  0 0 0 0 50 e   -1.00000000

61) 3 0 0 0 50 e  in component 9 = -1.00000000
   76FaVa.18  2490.564381  0.00700000  2490.56438100  0 0 0 0 50 e   -1.00000000

62) 0 2 1 0 65 e  in component 10 = -1.00000000
   76FaVa.19  3046.57628  0.01300000  3046.57628000  0 0 0 0 65 e   -1.00000000

63) 1 0 1 0 65 e  in component 10 = -1.00000000
   76FaVa.20  2853.466053  0.00800000  2853.46605300  0 0 0 0 65 e   -1.00000000

64) 2 2 0 0 65 e  in component 10 = -1.00000000
   76FaVa.21  2678.308204  0.01000000  2678.30820400  0 0 0 0 65 e   -1.00000000

65) 3 0 0 0 65 e  in component 10 = -1.00000000
   76FaVa.22  2487.662186  0.00700000  2487.66218600  0 0 0 0 65 e   -1.00000000

66) 0 2 1 0 78 e  in component 11 = -1.00000000
   76FaVa.23  3045.691939  0.01300000  3045.69193900  0 0 0 0 78 e   -1.00000000

67) 1 0 1 0 78 e  in component 11 = -1.00000000
   76FaVa.24  2850.309277  0.00800000  2850.30927700  0 0 0 0 78 e   -1.00000000

68) 0 0 0 0 90 e  in component 12 = -1.00000000
   76FaVa.25  3044.775821  0.01300000  3044.77582100  0 2 1 0 90 e   -1.00000000

69) 0 2 1 0 90 e  in component 12 = -1.00000000
   76FaVa.25  3044.775821  0.01300000  3044.77582100  0 0 0 0 90 e   -1.00000000

70) 0 1 2 0 0 e  in component 0 = 4030.37100000
   76FaVa.26  4030.371  0.00700000  -0.00000000  0 0 0 0 0 e   0.00000000

71) 1 2 1 0 0 e  in component 0 = 3869.59615228
   76FaVa.27  3869.597  0.00700000  0.00084772  0 0 0 0 0 e   0.00000000
   76FaVa.63  3031.59  0.00900000  -0.00140134  1 0 0 0 0 e   838.00475094

72) 2 0 1 0 0 e  in component 0 = 3688.81842899
   76FaVa.28  3688.819  0.00700000  0.00057101  0 0 0 0 0 e   0.00000000
   76FaVa.64  2850.812  0.01200000  -0.00167806  1 0 0 0 0 e   838.00475094

73) 4 0 0 0 0 e  in component 0 = 3313.47421645
   76FaVa.29  3313.474  0.00700000  -0.00021645  0 0 0 0 0 e   0.00000000
   76FaVa.65  2475.47  0.01100000  0.00053449  1 0 0 0 0 e   838.00475094

74) 0 0 2 0 30 e  in component 0 = 4205.13920832
   76FaVa.30  4028.198866  0.00700000  0.00000000  0 0 0 0 30 e   176.94034232

75) 1 2 1 0 30 e  in component 0 = 4045.65337765
   76FaVa.31  3868.710975  0.00700000  -0.00206032  0 0 0 0 30 e   176.94034232
   76FaVa.76  3031.214745  0.00900000  0.00340584  1 0 0 0 30 e   1014.44203849

76) 2 0 1 0 30 e  in component 0 = 3863.74145028
   76FaVa.32  3686.804805  0.00700000  0.00369705  0 0 0 0 30 e   176.94034232
   76FaVa.77  2849.288547  0.01200000  -0.01086479  1 0 0 0 30 e   1014.44203849

77) 4 0 0 0 30 e  in component 0 = 3488.34258139
   76FaVa.33  3311.400228  0.00700000  -0.00201106  0 0 0 0 30 e   176.94034232
   76FaVa.78  2473.905509  0.01100000  0.00496610  1 0 0 0 30 e   1014.44203849

78) 0 0 2 0 50 e  in component 9 = -1.00000000
   76FaVa.34  4024.416801  0.00700000  4024.41680100  0 0 0 0 50 e   -1.00000000

79) 1 2 1 0 50 e  in component 9 = -1.00000000
   76FaVa.35  3867.186166  0.00700000  3867.18616600  0 0 0 0 50 e   -1.00000000

80) 2 0 1 0 50 e  in component 9 = -1.00000000
   76FaVa.36  3683.272661  0.00700000  3683.27266100  0 0 0 0 50 e   -1.00000000
   76FaVa.79  2846.636031  0.01200000  2846.63603100  1 0 0 0 50 e   -1.00000000

81) 4 0 0 0 50 e  in component 9 = -1.00000000
   76FaVa.37  3307.773806  0.00700000  3307.77380600  0 0 0 0 50 e   -1.00000000
   76FaVa.80  2471.165396  0.01100000  2471.16539600  1 0 0 0 50 e   -1.00000000

82) 0 0 2 0 65 e  in component 10 = -1.00000000
   76FaVa.38  4020.356922  0.00700000  4020.35692200  0 0 0 0 65 e   -1.00000000

83) 1 2 1 0 65 e  in component 10 = -1.00000000
   76FaVa.39  3865.574717  0.00700000  3865.57471700  0 0 0 0 65 e   -1.00000000

84) 2 0 1 0 65 e  in component 10 = -1.00000000
   76FaVa.40  3679.445552  0.00700000  3679.44555200  0 0 0 0 65 e   -1.00000000

85) 0 0 2 0 78 e  in component 11 = -1.00000000
   76FaVa.41  4015.991756  0.00700000  4015.99175600  0 0 0 0 78 e   -1.00000000

86) 1 2 1 0 78 e  in component 11 = -1.00000000
   76FaVa.42  3863.871448  0.00700000  3863.87144800  0 0 0 0 78 e   -1.00000000

87) 0 2 2 0 0 e  in component 0 = 5039.23600000
   76FaVa.43  5039.236  0.00700000  0.00000000  0 0 0 0 0 e   0.00000000
   76FaVa.72  4003.035  0.00800000  -0.00000000  0 2 0 0 0 e   1036.20100000

88) 2 2 1 0 0 e  in component 0 = 4684.97719288
   76FaVa.44  4684.976  0.00700000  -0.00119288  0 0 0 0 0 e   0.00000000
   76FaVa.68  3846.974  0.00800000  0.00155805  1 0 0 0 0 e   838.00475094

89) 3 0 1 0 0 e  in component 0 = 4511.41000000
   76FaVa.45  4511.41  0.00700000  0.00000000  0 0 0 0 0 e   0.00000000

90) 3 4 0 0 0 e  in component 0 = 4503.42000000
   76FaVa.46  4503.42  0.01600000  -0.00000000  0 0 0 0 0 e   0.00000000

91) 0 2 2 0 30 e  in component 0 = 5214.64863032
   76FaVa.47  5037.708288  0.00700000  0.00000000  0 0 0 0 30 e   176.94034232
   76FaVa.73  4000.937099  0.00800000  0.00000000  0 2 0 0 30 e   1213.71153132

92) 1 0 2 0 30 e  in component 0 = 5035.55123947
   76FaVa.48  4858.611694  0.01000000  0.00079685  0 0 0 0 30 e   176.94034232
   76FaVa.69  4021.108691  0.00800000  -0.00050998  1 0 0 0 30 e   1014.44203849

93) 2 2 1 0 30 e  in component 0 = 4860.62171144
   76FaVa.49  4683.681353  0.00700000  -0.00001612  0 0 0 0 30 e   176.94034232
   76FaVa.70  3846.179694  0.00800000  0.00002105  1 0 0 0 30 e   1014.44203849

94) 3 0 1 0 30 e  in component 0 = 4685.92455332
   76FaVa.50  4508.984211  0.00700000  0.00000000  0 0 0 0 30 e   176.94034232

95) 3 4 0 0 30 e  in component 0 = 4680.02208232
   76FaVa.51  4503.08174  0.00800000  -0.00000000  0 0 0 0 30 e   176.94034232

96) 3 0 1 0 44 e  in component 4 = -1.00000000
   76FaVa.52  4506.416405  0.00700000  4506.41640500  0 0 0 0 44 e   -1.00000000

97) 3 4 0 0 44 e  in component 4 = -1.00000000
   76FaVa.53  4502.612518  0.00800000  4502.61251800  0 0 0 0 44 e   -1.00000000

98) 0 2 2 0 50 e  in component 9 = -1.00000000
   76FaVa.54  5035.064876  0.00700000  5035.06487600  0 0 0 0 50 e   -1.00000000

99) 1 0 2 0 50 e  in component 9 = -1.00000000
   76FaVa.55  4854.062253  0.01000000  4854.06225300  0 0 0 0 50 e   -1.00000000
   76FaVa.71  4017.438108  0.00800000  4017.43810800  1 0 0 0 50 e   -1.00000000

100) 2 2 1 0 50 e  in component 9 = -1.00000000
   76FaVa.56  4681.44351  0.00700000  4681.44351000  0 0 0 0 50 e   -1.00000000

101) 3 0 1 0 50 e  in component 9 = -1.00000000
   76FaVa.57  4505.253281  0.00700000  4505.25328100  0 0 0 0 50 e   -1.00000000
   76FaVa.58  4502.14999  0.00800000  4502.14999000  0 0 0 0 50 e   -1.00000000

102) 0 0 0 0 54 e  in component 13 = -1.00000000
   76FaVa.59  4504.589861  0.00700000  4504.58986100  3 0 1 0 54 e   -1.00000000
   76FaVa.60  4501.629516  0.00800000  4501.62951600  3 0 1 0 54 e   -1.00000000

103) 3 0 1 0 54 e  in component 13 = -1.00000000
   76FaVa.59  4504.589861  0.00700000  4504.58986100  0 0 0 0 54 e   -1.00000000
   76FaVa.60  4501.629516  0.00800000  4501.62951600  0 0 0 0 54 e   -1.00000000

104) 1 0 2 0 65 e  in component 10 = -1.00000000
   76FaVa.61  4849.172937  0.01000000  4849.17293700  0 0 0 0 65 e   -1.00000000

105) 2 2 1 0 65 e  in component 10 = -1.00000000
   76FaVa.62  4679.064457  0.00700000  4679.06445700  0 0 0 0 65 e   -1.00000000

106) 1 0 0 0 0 e  in component 0 = 838.00475094
   76FaVa.63  3031.59  0.00900000  -0.00140134  1 2 1 0 0 e   3869.59615228
   76FaVa.64  2850.812  0.01200000  -0.00167806  2 0 1 0 0 e   3688.81842899
   76FaVa.65  2475.47  0.01100000  0.00053449  4 0 0 0 0 e   3313.47421645
   76FaVa.67  4023.209  0.00800000  0.00000000  1 0 2 0 0 e   4861.21375094
   76FaVa.68  3846.974  0.00800000  0.00155805  2 2 1 0 0 e   4684.97719288
   82KiMi.2  0.37950554446569834  0.00000334  0.00000000  1 0 0 0 1 e   838.38425648

107) 0 2 0 0 0 e  in component 0 = 1036.20100000
   76FaVa.66  3047.418  0.01100000  0.00000000  0 4 1 0 0 e   4083.61900000
   76FaVa.72  4003.035  0.00800000  -0.00000000  0 2 2 0 0 e   5039.23600000

108) 0 4 1 0 0 e  in component 0 = 4083.61900000
   76FaVa.66  3047.418  0.01100000  0.00000000  0 2 0 0 0 e   1036.20100000

109) 1 0 2 0 0 e  in component 0 = 4861.21375094
   76FaVa.67  4023.209  0.00800000  0.00000000  1 0 0 0 0 e   838.00475094

110) 1 0 0 0 30 e  in component 0 = 1014.44203849
   76FaVa.69  4021.108691  0.00800000  -0.00050998  1 0 2 0 30 e   5035.55123947
   76FaVa.70  3846.179694  0.00800000  0.00002105  2 2 1 0 30 e   4860.62171144
   76FaVa.76  3031.214745  0.00900000  0.00340584  1 2 1 0 30 e   4045.65337765
   76FaVa.77  2849.288547  0.01200000  -0.01086479  2 0 1 0 30 e   3863.74145028
   76FaVa.78  2473.905509  0.01100000  0.00496610  4 0 0 0 30 e   3488.34258139

111) 1 0 0 0 50 e  in component 9 = -1.00000000
   76FaVa.71  4017.438108  0.00800000  4017.43810800  1 0 2 0 50 e   -1.00000000
   76FaVa.79  2846.636031  0.01200000  2846.63603100  2 0 1 0 50 e   -1.00000000
   76FaVa.80  2471.165396  0.01100000  2471.16539600  4 0 0 0 50 e   -1.00000000

112) 0 2 0 0 30 e  in component 0 = 1213.71153132
   76FaVa.73  4000.937099  0.00800000  0.00000000  0 2 2 0 30 e   5214.64863032
   76FaVa.81  3046.856305  0.01100000  0.00000000  0 4 1 0 30 e   4260.56783632

113) 0 2 0 2 0 e  in component 14 = -1.00000000
   76FaVa.74  4001.24  0.00800000  4001.24000000  0 2 2 2 0 e   -1.00000000

114) 0 2 2 2 0 e  in component 14 = -1.00000000
   76FaVa.74  4001.24  0.00800000  4001.24000000  0 2 0 2 0 e   -1.00000000

115) 0 2 0 2 30 e  in component 15 = -1.00000000
   76FaVa.75  3999.13833  0.00800000  3999.13833000  0 2 2 2 30 e   -1.00000000

116) 0 2 2 2 30 e  in component 15 = -1.00000000
   76FaVa.75  3999.13833  0.00800000  3999.13833000  0 2 0 2 30 e   -1.00000000

117) 0 4 1 0 30 e  in component 0 = 4260.56783632
   76FaVa.81  3046.856305  0.01100000  0.00000000  0 2 0 0 30 e   1213.71153132

118) 0 2 0 0 50 e  in component 16 = -1.00000000
   76FaVa.82  3045.93529  0.01100000  3045.93529000  0 4 1 0 50 e   -1.00000000

119) 0 4 1 0 50 e  in component 16 = -1.00000000
   76FaVa.82  3045.93529  0.01100000  3045.93529000  0 2 0 0 50 e   -1.00000000

120) 0 0 3 0 0 e  in component 0 = 6012.67900000
   76FaVa.83  6012.679  0.00700000  0.00000000  0 0 0 0 0 e   0.00000000

121) 1 2 2 0 0 e  in component 0 = 5856.27800000
   76FaVa.84  5856.278  0.00800000  -0.00000000  0 0 0 0 0 e   0.00000000

122) 0 0 3 0 30 e  in component 0 = 6186.36924532
   76FaVa.85  6009.428903  0.00700000  0.00000000  0 0 0 0 30 e   176.94034232

123) 1 2 2 0 30 e  in component 0 = 6031.31607632
   76FaVa.86  5854.375734  0.00800000  0.00000000  0 0 0 0 30 e   176.94034232

124) 0 0 3 0 50 e  in component 9 = -1.00000000
   76FaVa.87  6003.769096  0.00700000  6003.76909600  0 0 0 0 50 e   -1.00000000

125) 0 0 3 0 65 e  in component 10 = -1.00000000
   76FaVa.88  5997.692383  0.00700000  5997.69238300  0 0 0 0 65 e   -1.00000000

126) 1 0 3 0 0 e  in component 0 = 6839.53000000
   76FaVa.89  6839.53  0.01500000  -0.00000000  0 0 0 0 0 e   0.00000000

127) 1 0 3 0 30 e  in component 0 = 7012.83324132
   76FaVa.90  6835.892899  0.01500000  -0.00000000  0 0 0 0 30 e   176.94034232

128) 1 0 3 0 50 e  in component 9 = -1.00000000
   76FaVa.91  6829.525496  0.01500000  6829.52549600  0 0 0 0 50 e   -1.00000000

129) 0 1 0 1 3 f  in component 0 = 517.28515219
   90BlWaHiLa.1  831.210049  0.02976000  -0.00414763  1 1 0 1 3 f   1348.49934882
   81BuVaKa.15  1.1443493351657301  0.00000204  -0.00000244  0 1 0 1 2 f   516.14080042
   74ReDy.10  0.0022627487179814245  0.00000003  0.00000000  0 1 0 1 3 e   517.28288944
   73MaJo.31  1.1443493351657301  0.00000334  -0.00000244  0 1 0 1 2 f   516.14080042
   82KiMi.26  1.1443493351657301  0.00000334  -0.00000244  0 1 0 1 2 f   516.14080042
   82KiMi.39  1.525798891178243  0.00000334  -0.00000038  0 1 0 1 4 f   518.81095147

130) 1 1 0 1 3 f  in component 0 = 1348.49934882
   90BlWaHiLa.1  831.210049  0.02976000  -0.00414763  0 1 0 1 3 f   517.28515219
   73MaJo.35  1.141428014176394  0.00000100  0.00000000  1 1 0 1 2 f   1347.35792081
   82KiMi.30  1.141428014176394  0.00000334  0.00000000  1 1 0 1 2 f   1347.35792081

131) 0 3 0 1 17 f  in component 0 = 1404.41392115
   90BlWaHiLa.2  831.070332  0.00400000  0.00000000  0 1 0 1 17 f   573.34358915

132) 0 1 0 1 39 f  in component 17 = -1.00000000
   90BlWaHiLa.3  830.453121  0.00400000  830.45312100  1 1 0 1 39 f   -1.00000000
   73MaJo.2  0.293869967869572  0.00000233  0.29386997  0 1 0 1 39 e   -1.00000000

133) 1 1 0 1 39 f  in component 17 = -1.00000000
   90BlWaHiLa.3  830.453121  0.00400000  830.45312100  0 1 0 1 39 f   -1.00000000

134) 0 1 0 1 50 f  in component 9 = -1.00000000
   90BlWaHiLa.4  829.96493  0.00400000  829.96493000  1 1 0 1 50 f   -1.00000000
   76FaVa.96  2015.94704  0.00800000  2015.94704000  0 1 1 1 50 f   -1.00000000
   76FaVa.112  2842.425819  0.01000000  2842.42581900  1 1 1 1 50 f   -1.00000000
   76FaVa.125  5981.891971  0.00800000  5981.89197100  0 1 3 1 50 f   -1.00000000
   73MaJo.9  0.4800721170910844  0.00000334  0.48007212  0 1 0 1 50 e   -1.00000000

135) 1 1 0 1 50 f  in component 9 = -1.00000000
   90BlWaHiLa.4  829.96493  0.00400000  829.96493000  0 1 0 1 50 f   -1.00000000

136) 0 1 0 1 63 f  in component 18 = -1.00000000
   90BlWaHiLa.5  829.233379  0.00700000  829.23337900  1 1 0 1 63 f   -1.00000000

137) 1 1 0 1 63 f  in component 18 = -1.00000000
   90BlWaHiLa.5  829.233379  0.00700000  829.23337900  0 1 0 1 63 f   -1.00000000

138) 0 5 0 1 1 f  in component 0 = 2609.18319188
   76FaVa.92  2093.805294  0.00700000  0.00000000  0 1 0 1 1 f   515.37789788

139) 0 1 1 1 1 f  in component 0 = 2534.25537189
   76FaVa.93  2018.876697  0.00800000  -0.00077701  0 1 0 1 1 f   515.37789788
   76FaVa.100  2533.875562  0.00800000  0.00077701  0 0 0 0 1 e   0.38058689

140) 0 1 0 1 30 f  in component 0 = 692.33915633
   76FaVa.94  2094.876902  0.00700000  0.00000000  0 5 0 1 30 f   2787.21605833
   76FaVa.95  2017.808553  0.00800000  0.00000050  0 1 1 1 30 f   2710.14770883
   76FaVa.108  3047.760992  0.01000000  0.00000000  0 3 1 1 30 f   3740.10014833
   76FaVa.109  2845.018072  0.01000000  0.00000000  1 1 1 1 30 f   3537.35722833
   76FaVa.110  2673.119555  0.01000000  0.00000000  2 3 0 1 30 f   3365.45871133
   76FaVa.111  2474.391507  0.00800000  0.00000000  3 1 0 1 30 f   3166.73066333
   76FaVa.124  5987.465445  0.00800000  0.00000000  0 1 3 1 30 f   6679.80460133
   81BuVaKa.30  11.439394382629866  0.00000073  -0.00000000  0 1 0 1 29 f   680.89976194
   81BuVaKa.31  11.820417610372306  0.00000073  -0.00000000  0 1 0 1 31 f   704.15957394

141) 0 5 0 1 30 f  in component 0 = 2787.21605833
   76FaVa.94  2094.876902  0.00700000  0.00000000  0 1 0 1 30 f   692.33915633

142) 0 1 1 1 30 f  in component 0 = 2710.14770883
   76FaVa.95  2017.808553  0.00800000  0.00000050  0 1 0 1 30 f   692.33915633
   76FaVa.101  2533.207366  0.00800000  -0.00000050  0 0 0 0 30 e   176.94034232

143) 0 1 1 1 50 f  in component 9 = -1.00000000
   76FaVa.96  2015.94704  0.00800000  2015.94704000  0 1 0 1 50 f   -1.00000000
   76FaVa.102  2532.037188  0.00800000  2532.03718800  0 0 0 0 50 e   -1.00000000

144) 0 1 0 1 65 f  in component 10 = -1.00000000
   76FaVa.97  2013.94704  0.00800000  2013.94704000  0 1 1 1 65 f   -1.00000000
   76FaVa.113  2839.628686  0.01000000  2839.62868600  1 1 1 1 65 f   -1.00000000

145) 0 1 1 1 65 f  in component 10 = -1.00000000
   76FaVa.97  2013.94704  0.00800000  2013.94704000  0 1 0 1 65 f   -1.00000000
   76FaVa.103  2530.775068  0.00800000  2530.77506800  0 0 0 0 65 e   -1.00000000

146) 0 1 0 1 78 f  in component 19 = -1.00000000
   76FaVa.98  2011.799641  0.00800000  2011.79964100  0 1 1 1 78 f   -1.00000000

147) 0 1 1 1 78 f  in component 19 = -1.00000000
   76FaVa.98  2011.799641  0.00800000  2011.79964100  0 1 0 1 78 f   -1.00000000

148) 0 1 0 1 90 f  in component 20 = -1.00000000
   76FaVa.99  2009.476535  0.00800000  2009.47653500  0 1 1 1 90 f   -1.00000000

149) 0 1 1 1 90 f  in component 20 = -1.00000000
   76FaVa.99  2009.476535  0.00800000  2009.47653500  0 1 0 1 90 f   -1.00000000

150) 0 0 0 0 1 e  in component 0 = 0.38058689
   76FaVa.100  2533.875562  0.00800000  0.00077701  0 1 1 1 1 f   2534.25537189
   76FaVa.129  2533.875193  0.00800000  0.00000000  0 1 1 1 1 e   2534.25577989
   81BuVaKa.1  0.7611733848221092  0.00000067  0.00000004  0 0 0 0 2 e   1.14176024
   82KiMi.1  0.38058729282642595  0.00000334  0.00000040  0 0 0 0 0 e   0.00000000
   82KiMi.3  0.7611733848221092  0.00000334  0.00000004  0 0 0 0 2 e   1.14176024
   73MaJo.10  0.7611733848221092  0.00000067  0.00000004  0 0 0 0 2 e   1.14176024
   74Ma.1  0.7611733848221092  0.00000067  0.00000004  0 0 0 0 2 e   1.14176024
   52KiTo.1  0.7611699157555191  0.00000344  -0.00000343  0 0 0 0 2 e   1.14176024
   87LoSu.1  0.3805868925495117  0.00000013  -0.00000000  0 0 0 0 0 e   0.00000000

151) 0 3 1 1 1 f  in component 0 = 3563.57694688
   76FaVa.104  3048.199049  0.01000000  0.00000000  0 1 0 1 1 f   515.37789788

152) 2 3 0 1 1 f  in component 0 = 3188.73737188
   76FaVa.106  2673.359474  0.01000000  0.00000000  0 1 0 1 1 f   515.37789788

153) 3 1 0 1 1 f  in component 0 = 2991.17184488
   76FaVa.107  2475.793947  0.00800000  0.00000000  0 1 0 1 1 f   515.37789788

154) 0 3 1 1 30 f  in component 0 = 3740.10014833
   76FaVa.108  3047.760992  0.01000000  0.00000000  0 1 0 1 30 f   692.33915633

155) 1 1 1 1 30 f  in component 0 = 3537.35722833
   76FaVa.109  2845.018072  0.01000000  0.00000000  0 1 0 1 30 f   692.33915633

156) 2 3 0 1 30 f  in component 0 = 3365.45871133
   76FaVa.110  2673.119555  0.01000000  0.00000000  0 1 0 1 30 f   692.33915633

157) 3 1 0 1 30 f  in component 0 = 3166.73066333
   76FaVa.111  2474.391507  0.00800000  0.00000000  0 1 0 1 30 f   692.33915633

158) 1 1 1 1 50 f  in component 9 = -1.00000000
   76FaVa.112  2842.425819  0.01000000  2842.42581900  0 1 0 1 50 f   -1.00000000

159) 1 1 1 1 65 f  in component 10 = -1.00000000
   76FaVa.113  2839.628686  0.01000000  2839.62868600  0 1 0 1 65 f   -1.00000000

160) 0 3 2 1 1 f  in component 0 = 5547.53777288
   76FaVa.114  5032.159875  0.00800000  0.00000000  0 1 0 1 1 f   515.37789788

161) 1 1 2 1 1 f  in component 0 = 5354.94545788
   76FaVa.115  4839.56756  0.00800000  0.00000000  0 1 0 1 1 f   515.37789788

162) 2 3 1 1 1 f  in component 0 = 5187.54535088
   76FaVa.116  4672.167453  0.00800000  0.00000000  0 1 0 1 1 f   515.37789788

163) 3 1 1 1 1 f  in component 0 = 4999.27193688
   76FaVa.117  4483.894039  0.01000000  0.00000000  0 1 0 1 1 f   515.37789788

164) 0 1 0 1 22 f  in component 0 = 611.48230710
   76FaVa.118  5031.372426  0.00800000  0.00000000  0 3 2 1 22 f   5642.85473310
   76FaVa.119  4838.197396  0.00800000  -0.00000000  1 1 2 1 22 f   5449.67970310
   76FaVa.120  4671.525558  0.00800000  -0.00000000  2 3 1 1 22 f   5283.00786510
   76FaVa.121  4482.643968  0.01000000  0.00000000  3 1 1 1 22 f   5094.12627510
   82KiMi.90  8.390237755747679  0.00000334  0.00000000  0 1 0 1 21 f   603.09206934
   82KiMi.96  8.771468160149645  0.00000334  -0.00000000  0 1 0 1 23 f   620.25377526

165) 0 3 2 1 22 f  in component 0 = 5642.85473310
   76FaVa.118  5031.372426  0.00800000  0.00000000  0 1 0 1 22 f   611.48230710

166) 1 1 2 1 22 f  in component 0 = 5449.67970310
   76FaVa.119  4838.197396  0.00800000  -0.00000000  0 1 0 1 22 f   611.48230710

167) 2 3 1 1 22 f  in component 0 = 5283.00786510
   76FaVa.120  4671.525558  0.00800000  -0.00000000  0 1 0 1 22 f   611.48230710

168) 3 1 1 1 22 f  in component 0 = 5094.12627510
   76FaVa.121  4482.643968  0.01000000  0.00000000  0 1 0 1 22 f   611.48230710

169) 0 1 0 1 42 f  in component 21 = -1.00000000
   76FaVa.122  4834.668869  0.00800000  4834.66886900  1 1 2 1 42 f   -1.00000000
   81BuVaKa.33  16.009573029352193  0.00000073  16.00957303  0 1 0 1 41 f   -1.00000000
   73MaJo.4  0.3401623265652667  0.00000233  0.34016233  0 1 0 1 42 e   -1.00000000

170) 1 1 2 1 42 f  in component 21 = -1.00000000
   76FaVa.122  4834.668869  0.00800000  4834.66886900  0 1 0 1 42 f   -1.00000000

171) 0 1 3 1 1 f  in component 0 = 6506.03202888
   76FaVa.123  5990.654131  0.00800000  0.00000000  0 1 0 1 1 f   515.37789788

172) 0 1 3 1 30 f  in component 0 = 6679.80460133
   76FaVa.124  5987.465445  0.00800000  0.00000000  0 1 0 1 30 f   692.33915633

173) 0 1 3 1 50 f  in component 9 = -1.00000000
   76FaVa.125  5981.891971  0.00800000  5981.89197100  0 1 0 1 50 f   -1.00000000

174) 0 1 0 1 3 e  in component 0 = 517.28288944
   90BlWaHiLa.6  831.211181  0.02886000  -0.00326069  1 1 0 1 3 e   1348.49733113
   81BuVaKa.27  1.143221554959865  0.00000158  0.00000115  0 1 0 1 2 e   516.13966904
   74ReDy.10  0.0022627487179814245  0.00000003  0.00000000  0 1 0 1 3 f   517.28515219
   73MaJo.37  1.143221554959865  0.00000158  0.00000115  0 1 0 1 2 e   516.13966904
   82KiMi.25  1.143221554959865  0.00000334  0.00000115  0 1 0 1 2 e   516.13966904
   82KiMi.38  1.5242911814679474  0.00000334  0.00000038  0 1 0 1 4 e   518.80718024

175) 1 1 0 1 3 e  in component 0 = 1348.49733113
   90BlWaHiLa.6  831.211181  0.02886000  -0.00326069  0 1 0 1 3 e   517.28288944
   73MaJo.42  1.1402171431544152  0.00000500  0.00000000  1 1 0 1 2 e   1347.35711399
   82KiMi.29  1.1402171431544152  0.00000334  0.00000000  1 1 0 1 2 e   1347.35711399

176) 0 1 0 1 17 e  in component 0 = 573.29721684
   79WePeMa.2  1042.319698  0.01700000  -0.00000000  0 3 0 1 17 e   1615.61691484
   90BlWaHiLa.7  831.063546  0.01700000  -0.00000000  1 1 0 1 17 e   1404.36076284
   82KiMi.77  6.858411361369204  0.00000334  -0.00000000  0 1 0 1 18 e   580.15562820
   82KiMi.80  6.4774811646529145  0.00000334  -0.00000000  0 1 0 1 16 e   566.81973567

177) 0 3 0 1 17 e  in component 0 = 1615.61691484
   79WePeMa.2  1042.319698  0.01700000  -0.00000000  0 1 0 1 17 e   573.29721684

178) 1 1 0 1 17 e  in component 0 = 1404.36076284
   90BlWaHiLa.7  831.063546  0.01700000  -0.00000000  0 1 0 1 17 e   573.29721684

179) 0 1 0 1 39 e  in component 17 = -1.00000000
   90BlWaHiLa.8  830.432867  0.03900000  830.43286700  1 1 0 1 39 e   -1.00000000
   73MaJo.2  0.293869967869572  0.00000233  0.29386997  0 1 0 1 39 f   -1.00000000

180) 1 1 0 1 39 e  in component 17 = -1.00000000
   90BlWaHiLa.8  830.432867  0.03900000  830.43286700  0 1 0 1 39 e   -1.00000000

181) 0 1 0 1 50 e  in component 9 = -1.00000000
   90BlWaHiLa.9  829.93216  0.05000000  829.93216000  1 1 0 1 50 e   -1.00000000
   76FaVa.128  2095.875576  0.01000000  2095.87557600  0 5 0 1 50 e   -1.00000000
   76FaVa.141  3046.529094  0.01200000  3046.52909400  0 3 1 1 50 e   -1.00000000
   76FaVa.142  2842.380613  0.01000000  2842.38061300  1 1 1 1 50 e   -1.00000000
   76FaVa.147  3858.988858  0.00700000  3858.98885800  1 3 1 1 50 e   -1.00000000
   73MaJo.9  0.4800721170910844  0.00000334  0.48007212  0 1 0 1 50 f   -1.00000000

182) 1 1 0 1 50 e  in component 9 = -1.00000000
   90BlWaHiLa.9  829.93216  0.05000000  829.93216000  0 1 0 1 50 e   -1.00000000

183) 0 1 0 1 63 e  in component 22 = -1.00000000
   90BlWaHiLa.10  829.182169  0.06300000  829.18216900  1 1 0 1 63 e   -1.00000000

184) 1 1 0 1 63 e  in component 22 = -1.00000000
   90BlWaHiLa.10  829.182169  0.06300000  829.18216900  0 1 0 1 63 e   -1.00000000

185) 0 5 0 1 1 e  in component 0 = 2609.18908673
   76FaVa.126  2093.811566  0.01000000  -0.00000000  0 1 0 1 1 e   515.37752073

186) 0 1 0 1 30 e  in component 0 = 692.16252095
   76FaVa.127  2094.547358  0.01000000  -0.00000000  0 5 0 1 30 e   2786.70987895
   76FaVa.137  3047.587414  0.01200000  -0.00000000  0 3 1 1 30 e   3739.74993495
   76FaVa.138  2844.99981  0.01000000  -0.00000000  1 1 1 1 30 e   3537.16233095
   76FaVa.139  2672.917478  0.00900000  0.00000000  2 3 0 1 30 e   3365.07999895
   76FaVa.140  2474.357507  0.00800000  -0.00000000  3 1 0 1 30 e   3166.52002795
   76FaVa.146  3861.738011  0.00700000  0.00000000  1 3 1 1 30 e   4553.90053195
   76FaVa.151  5030.524691  0.00800000  0.00000000  0 3 2 1 30 e   5722.68721195
   76FaVa.152  4670.757962  0.00900000  0.00000000  2 3 1 1 30 e   5362.92048295
   81BuVaKa.21  11.4280947988358  0.00000073  0.00000000  0 1 0 1 29 e   680.73442615
   81BuVaKa.22  11.80874083229939  0.00000073  -0.00000000  0 1 0 1 31 e   703.97126178

187) 0 5 0 1 30 e  in component 0 = 2786.70987895
   76FaVa.127  2094.547358  0.01000000  -0.00000000  0 1 0 1 30 e   692.16252095

188) 0 5 0 1 50 e  in component 9 = -1.00000000
   76FaVa.128  2095.875576  0.01000000  2095.87557600  0 1 0 1 50 e   -1.00000000

189) 0 1 1 1 1 e  in component 0 = 2534.25577989
   76FaVa.129  2533.875193  0.00800000  0.00000000  0 0 0 0 1 e   0.38058689

190) 0 1 1 1 30 e  in component 0 = 2709.97604932
   76FaVa.130  2533.035707  0.00800000  0.00000000  0 0 0 0 30 e   176.94034232

191) 0 1 1 1 50 e  in component 9 = -1.00000000
   76FaVa.131  2531.565272  0.00800000  2531.56527200  0 0 0 0 50 e   -1.00000000

192) 0 1 1 1 65 e  in component 10 = -1.00000000
   76FaVa.132  2529.9789  0.00800000  2529.97890000  0 0 0 0 65 e   -1.00000000

193) 0 3 1 1 1 e  in component 0 = 3563.57520273
   76FaVa.133  3048.197682  0.01200000  0.00000000  0 1 0 1 1 e   515.37752073

194) 2 3 0 1 1 e  in component 0 = 3188.74453773
   76FaVa.135  2673.367017  0.00900000  -0.00000000  0 1 0 1 1 e   515.37752073

195) 3 1 0 1 1 e  in component 0 = 2991.17146773
   76FaVa.136  2475.793947  0.00800000  0.00000000  0 1 0 1 1 e   515.37752073

196) 0 3 1 1 30 e  in component 0 = 3739.74993495
   76FaVa.137  3047.587414  0.01200000  -0.00000000  0 1 0 1 30 e   692.16252095

197) 1 1 1 1 30 e  in component 0 = 3537.16233095
   76FaVa.138  2844.99981  0.01000000  -0.00000000  0 1 0 1 30 e   692.16252095

198) 2 3 0 1 30 e  in component 0 = 3365.07999895
   76FaVa.139  2672.917478  0.00900000  0.00000000  0 1 0 1 30 e   692.16252095

199) 3 1 0 1 30 e  in component 0 = 3166.52002795
   76FaVa.140  2474.357507  0.00800000  -0.00000000  0 1 0 1 30 e   692.16252095

200) 0 3 1 1 50 e  in component 9 = -1.00000000
   76FaVa.141  3046.529094  0.01200000  3046.52909400  0 1 0 1 50 e   -1.00000000

201) 1 1 1 1 50 e  in component 9 = -1.00000000
   76FaVa.142  2842.380613  0.01000000  2842.38061300  0 1 0 1 50 e   -1.00000000

202) 0 1 0 1 65 e  in component 23 = -1.00000000
   76FaVa.143  3045.402319  0.01200000  3045.40231900  0 3 1 1 65 e   -1.00000000
   76FaVa.144  2839.563895  0.01000000  2839.56389500  1 1 1 1 65 e   -1.00000000
   76FaVa.148  3858.117154  0.00700000  3858.11715400  1 3 1 1 65 e   -1.00000000

203) 0 3 1 1 65 e  in component 23 = -1.00000000
   76FaVa.143  3045.402319  0.01200000  3045.40231900  0 1 0 1 65 e   -1.00000000

204) 1 1 1 1 65 e  in component 23 = -1.00000000
   76FaVa.144  2839.563895  0.01000000  2839.56389500  0 1 0 1 65 e   -1.00000000

205) 1 3 1 1 1 e  in component 0 = 4378.12035273
   76FaVa.145  3862.742832  0.00700000  0.00000000  0 1 0 1 1 e   515.37752073

206) 1 3 1 1 30 e  in component 0 = 4553.90053195
   76FaVa.146  3861.738011  0.00700000  0.00000000  0 1 0 1 30 e   692.16252095

207) 1 3 1 1 50 e  in component 9 = -1.00000000
   76FaVa.147  3858.988858  0.00700000  3858.98885800  0 1 0 1 50 e   -1.00000000

208) 1 3 1 1 65 e  in component 23 = -1.00000000
   76FaVa.148  3858.117154  0.00700000  3858.11715400  0 1 0 1 65 e   -1.00000000

209) 0 3 2 1 1 e  in component 0 = 5547.54597773
   76FaVa.149  5032.168457  0.00800000  0.00000000  0 1 0 1 1 e   515.37752073

210) 2 3 1 1 1 e  in component 0 = 5187.56144773
   76FaVa.150  4672.183927  0.00900000  0.00000000  0 1 0 1 1 e   515.37752073

211) 0 3 2 1 30 e  in component 0 = 5722.68721195
   76FaVa.151  5030.524691  0.00800000  0.00000000  0 1 0 1 30 e   692.16252095

212) 2 3 1 1 30 e  in component 0 = 5362.92048295
   76FaVa.152  4670.757962  0.00900000  0.00000000  0 1 0 1 30 e   692.16252095

213) 0 0 0 0 10 e  in component 0 = 20.93184167
   81BuVaKa.3  4.186259081941281  0.00000100  -0.00000000  0 0 0 0 11 e   25.11810076
   73MaJo.12  4.186259081941281  0.00000167  -0.00000000  0 0 0 0 11 e   25.11810076
   74Ma.3  4.186259081941281  0.00000010  -0.00000000  0 0 0 0 11 e   25.11810076
   82KiMi.52  3.805721823729135  0.00000334  -0.00000000  0 0 0 0 9 e   17.12611985
   82KiMi.58  4.186259081941281  0.00000334  -0.00000000  0 0 0 0 11 e   25.11810076

214) 0 0 0 0 11 e  in component 0 = 25.11810076
   81BuVaKa.3  4.186259081941281  0.00000100  -0.00000000  0 0 0 0 10 e   20.93184167
   80DuDeBuBo.6  4.5667844986280475  0.00000100  -0.00000015  0 0 0 0 12 e   29.68488541
   73MaJo.12  4.186259081941281  0.00000167  -0.00000000  0 0 0 0 10 e   20.93184167
   74Ma.3  4.186259081941281  0.00000010  -0.00000000  0 0 0 0 10 e   20.93184167
   82KiMi.58  4.186259081941281  0.00000334  -0.00000000  0 0 0 0 10 e   20.93184167
   82KiMi.61  4.566786333230571  0.00000334  0.00000168  0 0 0 0 12 e   29.68488541

215) 0 0 0 0 26 e  in component 0 = 133.56747470
   81BuVaKa.4  10.272875843994715  0.00000037  -0.00000011  0 0 0 0 27 e   143.84035065
   80DuDeBuBo.15  9.892609439827869  0.00000100  0.00000000  0 0 0 0 25 e   123.67486526
   80DuDeBuBo.16  10.272877278320324  0.00000128  0.00000132  0 0 0 0 27 e   143.84035065

216) 0 0 0 0 27 e  in component 0 = 143.84035065
   81BuVaKa.4  10.272875843994715  0.00000037  -0.00000011  0 0 0 0 26 e   133.56747470
   81BuVaKa.5  10.653120499782553  0.00000037  -0.00000004  0 0 0 0 28 e   154.49347120
   80DuDeBuBo.16  10.272877278320324  0.00000128  0.00000132  0 0 0 0 26 e   133.56747470
   80DuDeBuBo.17  10.653120866703057  0.00000100  0.00000032  0 0 0 0 28 e   154.49347120

217) 0 0 0 0 28 e  in component 0 = 154.49347120
   81BuVaKa.5  10.653120499782553  0.00000037  -0.00000004  0 0 0 0 27 e   143.84035065
   81BuVaKa.6  11.033339170927375  0.00000037  0.00000000  0 0 0 0 29 e   165.52681037
   80DuDeBuBo.17  10.653120866703057  0.00000100  0.00000032  0 0 0 0 27 e   143.84035065

218) 0 0 0 0 29 e  in component 0 = 165.52681037
   81BuVaKa.6  11.033339170927375  0.00000037  0.00000000  0 0 0 0 28 e   154.49347120
   81BuVaKa.7  11.41353195749841  0.00000037  0.00000000  0 0 0 0 30 e   176.94034232

219) 0 0 0 0 31 e  in component 0 = 188.73403928
   81BuVaKa.8  11.793696958180316  0.00000037  0.00000000  0 0 0 0 30 e   176.94034232
   81BuVaKa.9  12.173833839408996  0.00000037  0.00000000  0 0 0 0 32 e   200.90787312

220) 0 0 0 0 32 e  in component 0 = 200.90787312
   81BuVaKa.9  12.173833839408996  0.00000037  0.00000000  0 0 0 0 31 e   188.73403928
   81BuVaKa.10  12.55394190069985  0.00000037  0.00000000  0 0 0 0 33 e   213.46181502

221) 0 0 0 0 33 e  in component 0 = 213.46181502
   81BuVaKa.10  12.55394190069985  0.00000037  0.00000000  0 0 0 0 32 e   200.90787312

222) 0 0 0 0 41 e  in component 4 = -1.00000000
   81BuVaKa.11  15.973458845318918  0.00000037  15.97345885  0 0 0 0 42 e   -1.00000000

223) 0 0 0 0 42 e  in component 4 = -1.00000000
   81BuVaKa.11  15.973458845318918  0.00000037  15.97345885  0 0 0 0 41 e   -1.00000000
   81BuVaKa.12  16.353226571163443  0.00000037  16.35322657  0 0 0 0 43 e   -1.00000000

224) 0 0 0 0 43 e  in component 4 = -1.00000000
   81BuVaKa.12  16.353226571163443  0.00000037  16.35322657  0 0 0 0 42 e   -1.00000000
   81BuVaKa.13  16.732955536860104  0.00000037  16.73295554  0 0 0 0 44 e   -1.00000000

225) 0 1 0 1 2 e  in component 0 = 516.13966904
   81BuVaKa.14  0.7621490264441543  0.00000071  0.00000073  0 1 0 1 1 e   515.37752073
   81BuVaKa.27  1.143221554959865  0.00000158  0.00000115  0 1 0 1 3 e   517.28288944
   82KiMi.4  0.7621490264441543  0.00000334  0.00000073  0 1 0 1 1 e   515.37752073
   74ReDy.9  0.001131381030272616  0.00000003  0.00000000  0 1 0 1 2 f   516.14080042
   73MaJo.36  0.7621490264441543  0.00000100  0.00000073  0 1 0 1 1 e   515.37752073
   73MaJo.37  1.143221554959865  0.00000158  0.00000115  0 1 0 1 3 e   517.28288944
   82KiMi.25  1.143221554959865  0.00000334  0.00000115  0 1 0 1 3 e   517.28288944

226) 0 1 0 1 2 f  in component 0 = 516.14080042
   81BuVaKa.15  1.1443493351657301  0.00000204  -0.00000244  0 1 0 1 3 f   517.28515219
   81BuVaKa.26  0.7629020473890641  0.00000067  -0.00000049  0 1 0 1 1 f   515.37789788
   82KiMi.5  0.7629020473890641  0.00000334  -0.00000049  0 1 0 1 1 f   515.37789788
   74ReDy.9  0.001131381030272616  0.00000003  0.00000000  0 1 0 1 2 e   516.13966904
   73MaJo.30  0.7629020473890641  0.00000067  -0.00000049  0 1 0 1 1 f   515.37789788
   73MaJo.31  1.1443493351657301  0.00000334  -0.00000244  0 1 0 1 3 f   517.28515219
   82KiMi.26  1.1443493351657301  0.00000334  -0.00000244  0 1 0 1 3 f   517.28515219

227) 0 1 0 1 11 e  in component 0 = 540.14671643
   81BuVaKa.16  4.1916147870537825  0.00000100  -0.00000000  0 1 0 1 10 e   535.95510165
   73MaJo.38  4.1916147870537825  0.00000100  -0.00000000  0 1 0 1 10 e   535.95510165
   82KiMi.62  4.572630042614348  0.00000334  -0.00000000  0 1 0 1 12 e   544.71934648

228) 0 1 0 1 25 e  in component 0 = 638.82905220
   81BuVaKa.17  9.9052410784797  0.00000073  0.00000000  0 1 0 1 26 e   648.73429328
   82KiMi.101  9.524389035830914  0.00000334  -0.00000000  0 1 0 1 24 e   629.30466316

229) 0 1 0 1 26 e  in component 0 = 648.73429328
   81BuVaKa.17  9.9052410784797  0.00000073  0.00000000  0 1 0 1 25 e   638.82905220
   81BuVaKa.18  10.285993685671706  0.00000073  -0.00000000  0 1 0 1 27 e   659.02028696

230) 0 1 0 1 27 e  in component 0 = 659.02028696
   81BuVaKa.18  10.285993685671706  0.00000073  -0.00000000  0 1 0 1 26 e   648.73429328
   81BuVaKa.19  10.666719407597638  0.00000073  -0.00000000  0 1 0 1 28 e   669.68700637

231) 0 1 0 1 28 e  in component 0 = 669.68700637
   81BuVaKa.19  10.666719407597638  0.00000073  -0.00000000  0 1 0 1 27 e   659.02028696
   81BuVaKa.20  11.047419778652337  0.00000073  -0.00000000  0 1 0 1 29 e   680.73442615

232) 0 1 0 1 29 e  in component 0 = 680.73442615
   81BuVaKa.20  11.047419778652337  0.00000073  -0.00000000  0 1 0 1 28 e   669.68700637
   81BuVaKa.21  11.4280947988358  0.00000073  0.00000000  0 1 0 1 30 e   692.16252095

233) 0 1 0 1 31 e  in component 0 = 703.97126178
   81BuVaKa.22  11.80874083229939  0.00000073  -0.00000000  0 1 0 1 30 e   692.16252095
   81BuVaKa.23  12.18935841274566  0.00000073  0.00000000  0 1 0 1 32 e   716.16062019

234) 0 1 0 1 32 e  in component 0 = 716.16062019
   81BuVaKa.23  12.18935841274566  0.00000073  0.00000000  0 1 0 1 31 e   703.97126178

235) 0 1 0 1 41 e  in component 21 = -1.00000000
   81BuVaKa.24  15.993767961967876  0.00000073  15.99376796  0 1 0 1 42 e   -1.00000000

236) 0 1 0 1 42 e  in component 21 = -1.00000000
   81BuVaKa.24  15.993767961967876  0.00000073  15.99376796  0 1 0 1 41 e   -1.00000000
   73MaJo.4  0.3401623265652667  0.00000233  0.34016233  0 1 0 1 42 f   -1.00000000

237) 0 1 0 1 43 e  in component 24 = -1.00000000
   81BuVaKa.25  16.75421717913931  0.00000073  16.75421718  0 1 0 1 44 e   -1.00000000

238) 0 1 0 1 44 e  in component 24 = -1.00000000
   81BuVaKa.25  16.75421717913931  0.00000073  16.75421718  0 1 0 1 43 e   -1.00000000
   73MaJo.5  0.37289463766296616  0.00000334  0.37289464  0 1 0 1 44 f   -1.00000000

239) 0 1 0 1 26 f  in component 25 = -1.00000000
   81BuVaKa.28  10.296166489952192  0.00000073  10.29616649  0 1 0 1 27 f   -1.00000000

240) 0 1 0 1 27 f  in component 25 = -1.00000000
   81BuVaKa.28  10.296166489952192  0.00000073  10.29616649  0 1 0 1 26 f   -1.00000000

241) 0 1 0 1 28 f  in component 0 = 669.84141617
   81BuVaKa.29  11.05834577065978  0.00000073  -0.00000000  0 1 0 1 29 f   680.89976194

242) 0 1 0 1 29 f  in component 0 = 680.89976194
   81BuVaKa.29  11.05834577065978  0.00000073  -0.00000000  0 1 0 1 28 f   669.84141617
   81BuVaKa.30  11.439394382629866  0.00000073  -0.00000000  0 1 0 1 30 f   692.33915633

243) 0 1 0 1 31 f  in component 0 = 704.15957394
   81BuVaKa.31  11.820417610372306  0.00000073  -0.00000000  0 1 0 1 30 f   692.33915633
   81BuVaKa.32  12.201411084197455  0.00000073  0.00000000  0 1 0 1 32 f   716.36098502

244) 0 1 0 1 32 f  in component 0 = 716.36098502
   81BuVaKa.32  12.201411084197455  0.00000073  0.00000000  0 1 0 1 31 f   704.15957394

245) 0 1 0 1 41 f  in component 21 = -1.00000000
   81BuVaKa.33  16.009573029352193  0.00000073  16.00957303  0 1 0 1 42 f   -1.00000000

246) 0 1 0 1 43 f  in component 24 = -1.00000000
   81BuVaKa.34  16.770769163245593  0.00000073  16.77076916  0 1 0 1 44 f   -1.00000000

247) 0 1 0 1 44 f  in component 24 = -1.00000000
   81BuVaKa.34  16.770769163245593  0.00000073  16.77076916  0 1 0 1 43 f   -1.00000000
   73MaJo.5  0.37289463766296616  0.00000334  0.37289464  0 1 0 1 44 e   -1.00000000

248) 1 0 0 0 1 e  in component 0 = 838.38425648
   81BuVaKa.35  0.7590107553673014  0.00000067  -0.00000000  1 0 0 0 2 e   839.14326724
   82KiMi.2  0.37950554446569834  0.00000334  0.00000000  1 0 0 0 0 e   838.00475094
   82KiMi.6  0.7590107553673014  0.00000334  -0.00000000  1 0 0 0 2 e   839.14326724
   82KiMi.23  0.7590107553673014  0.00000334  -0.00000000  1 0 0 0 2 e   839.14326724
   73MaJo.14  0.7590107553673014  0.00000067  -0.00000000  1 0 0 0 2 e   839.14326724

249) 1 0 0 0 2 e  in component 0 = 839.14326724
   81BuVaKa.35  0.7590107553673014  0.00000067  -0.00000000  1 0 0 0 1 e   838.38425648
   81BuVaKa.36  1.1385086278588101  0.00000033  -0.00000003  1 0 0 0 3 e   840.28177590
   82KiMi.6  0.7590107553673014  0.00000334  -0.00000000  1 0 0 0 1 e   838.38425648
   82KiMi.23  0.7590107553673014  0.00000334  -0.00000000  1 0 0 0 1 e   838.38425648
   73MaJo.14  0.7590107553673014  0.00000067  -0.00000000  1 0 0 0 1 e   838.38425648
   73MaJo.17  1.1385152991407141  0.00000660  0.00000664  1 0 0 0 3 e   840.28177590
   82KiMi.36  1.1385152991407141  0.00000660  0.00000664  1 0 0 0 3 e   840.28177590

250) 1 0 0 0 3 e  in component 0 = 840.28177590
   81BuVaKa.36  1.1385086278588101  0.00000033  -0.00000003  1 0 0 0 2 e   839.14326724
   73MaJo.17  1.1385152991407141  0.00000660  0.00000664  1 0 0 0 2 e   839.14326724
   82KiMi.36  1.1385152991407141  0.00000660  0.00000664  1 0 0 0 2 e   839.14326724

251) 1 0 0 0 10 e  in component 26 = -1.00000000
   81BuVaKa.37  4.174354512947754  0.00000267  4.17435451  1 0 0 0 11 e   -1.00000000
   73MaJo.20  4.174358849280992  0.00000267  4.17435885  1 0 0 0 11 e   -1.00000000

252) 1 0 0 0 11 e  in component 26 = -1.00000000
   81BuVaKa.37  4.174354512947754  0.00000267  4.17435451  1 0 0 0 10 e   -1.00000000
   73MaJo.20  4.174358849280992  0.00000267  4.17435885  1 0 0 0 10 e   -1.00000000

253) 1 0 0 0 31 e  in component 27 = -1.00000000
   81BuVaKa.38  12.139131265270189  0.00000227  12.13913127  1 0 0 0 32 e   -1.00000000

254) 1 0 0 0 32 e  in component 27 = -1.00000000
   81BuVaKa.38  12.139131265270189  0.00000227  12.13913127  1 0 0 0 31 e   -1.00000000

255) 0 2 0 0 1 e  in component 0 = 1036.88832060
   81BuVaKa.39  0.7635836856176015  0.00000067  -0.00000000  0 2 0 0 2 e   1037.65190428
   82KiMi.7  0.7635836856176015  0.00000334  -0.00000000  0 2 0 0 2 e   1037.65190428
   82KiMi.15  0.7635836856176015  0.00000334  -0.00000000  0 2 0 0 2 e   1037.65190428
   73MaJo.13  0.7635836856176015  0.00000067  -0.00000000  0 2 0 0 2 e   1037.65190428

256) 0 2 0 0 3 e  in component 0 = 1038.79727833
   81BuVaKa.40  1.1453740440661784  0.00000033  0.00000000  0 2 0 0 2 e   1037.65190428
   73MaJo.15  1.1453740440661784  0.00000334  0.00000000  0 2 0 0 2 e   1037.65190428
   82KiMi.28  1.1453740440661784  0.00000334  0.00000000  0 2 0 0 2 e   1037.65190428

257) 0 2 0 0 10 e  in component 28 = -1.00000000
   81BuVaKa.41  4.199535266494262  0.00000043  4.19953527  0 2 0 0 11 e   -1.00000000
   73MaJo.18  4.199535266494262  0.00000434  4.19953527  0 2 0 0 11 e   -1.00000000

258) 0 2 0 0 11 e  in component 28 = -1.00000000
   81BuVaKa.41  4.199535266494262  0.00000043  4.19953527  0 2 0 0 10 e   -1.00000000
   73MaJo.18  4.199535266494262  0.00000434  4.19953527  0 2 0 0 10 e   -1.00000000

259) 0 2 0 0 31 e  in component 29 = -1.00000000
   81BuVaKa.42  12.213072751816858  0.00000053  12.21307275  0 2 0 0 32 e   -1.00000000

260) 0 2 0 0 32 e  in component 29 = -1.00000000
   81BuVaKa.42  12.213072751816858  0.00000053  12.21307275  0 2 0 0 31 e   -1.00000000

261) 0 2 0 2 2 e  in component 30 = -1.00000000
   81BuVaKa.43  1.145795102023547  0.00000083  1.14579510  0 2 0 2 3 e   -1.00000000
   73MaJo.16  1.145795102023547  0.00000100  1.14579510  0 2 0 2 3 e   -1.00000000
   82KiMi.27  1.145795102023547  0.00000334  1.14579510  0 2 0 2 3 e   -1.00000000

262) 0 2 0 2 3 e  in component 30 = -1.00000000
   81BuVaKa.43  1.145795102023547  0.00000083  1.14579510  0 2 0 2 2 e   -1.00000000
   73MaJo.16  1.145795102023547  0.00000100  1.14579510  0 2 0 2 2 e   -1.00000000
   82KiMi.27  1.145795102023547  0.00000334  1.14579510  0 2 0 2 2 e   -1.00000000

263) 0 2 0 2 10 e  in component 31 = -1.00000000
   81BuVaKa.44  4.201029300076655  0.00000133  4.20102930  0 2 0 2 11 e   -1.00000000
   73MaJo.19  4.201029300076655  0.00000133  4.20102930  0 2 0 2 11 e   -1.00000000

264) 0 2 0 2 11 e  in component 31 = -1.00000000
   81BuVaKa.44  4.201029300076655  0.00000133  4.20102930  0 2 0 2 10 e   -1.00000000
   73MaJo.19  4.201029300076655  0.00000133  4.20102930  0 2 0 2 10 e   -1.00000000

265) 0 2 0 2 31 e  in component 32 = -1.00000000
   81BuVaKa.45  12.215948741445658  0.00000053  12.21594874  0 2 0 2 32 e   -1.00000000

266) 0 2 0 2 32 e  in component 32 = -1.00000000
   81BuVaKa.45  12.215948741445658  0.00000053  12.21594874  0 2 0 2 31 e   -1.00000000

267) 0 2 0 2 2 f  in component 33 = -1.00000000
   81BuVaKa.46  1.145795102023547  0.00000083  1.14579510  0 2 0 2 3 f   -1.00000000
   73MaJo.45  1.145795102023547  0.00000100  1.14579510  0 2 0 2 3 f   -1.00000000

268) 0 2 0 2 3 f  in component 33 = -1.00000000
   81BuVaKa.46  1.145795102023547  0.00000083  1.14579510  0 2 0 2 2 f   -1.00000000
   73MaJo.45  1.145795102023547  0.00000100  1.14579510  0 2 0 2 2 f   -1.00000000

269) 0 2 0 2 10 f  in component 34 = -1.00000000
   81BuVaKa.47  4.201058653717032  0.00000100  4.20105865  0 2 0 2 11 f   -1.00000000
   73MaJo.46  4.201058653717032  0.00000100  4.20105865  0 2 0 2 11 f   -1.00000000

270) 0 2 0 2 11 f  in component 34 = -1.00000000
   81BuVaKa.47  4.201058653717032  0.00000100  4.20105865  0 2 0 2 10 f   -1.00000000
   73MaJo.46  4.201058653717032  0.00000100  4.20105865  0 2 0 2 10 f   -1.00000000

271) 0 2 0 2 31 f  in component 35 = -1.00000000
   81BuVaKa.48  12.216741623299942  0.00000053  12.21674162  0 2 0 2 32 f   -1.00000000

272) 0 2 0 2 32 f  in component 35 = -1.00000000
   81BuVaKa.48  12.216741623299942  0.00000053  12.21674162  0 2 0 2 31 f   -1.00000000

273) 0 0 0 0 5 e  in component 0 = 5.70877556
   80DuDeBuBo.3  2.283489333143931  0.00000100  -0.00000017  0 0 0 0 6 e   7.99226506
   82KiMi.40  2.2834914012413217  0.00000334  0.00000190  0 0 0 0 6 e   7.99226506
   82KiMi.43  1.9029177845427987  0.00000334  -0.00000000  0 0 0 0 4 e   3.80585778

274) 0 0 0 0 6 e  in component 0 = 7.99226506
   80DuDeBuBo.3  2.283489333143931  0.00000100  -0.00000017  0 0 0 0 5 e   5.70877556
   80DuDeBuBo.4  2.664057879668207  0.00000067  -0.00000006  0 0 0 0 7 e   10.65632300
   82KiMi.40  2.2834914012413217  0.00000334  0.00000190  0 0 0 0 5 e   5.70877556
   82KiMi.46  2.664059347350226  0.00000334  0.00000141  0 0 0 0 7 e   10.65632300

275) 0 0 0 0 7 e  in component 0 = 10.65632300
   80DuDeBuBo.4  2.664057879668207  0.00000067  -0.00000006  0 0 0 0 6 e   7.99226506
   82KiMi.46  2.664059347350226  0.00000334  0.00000141  0 0 0 0 6 e   7.99226506
   82KiMi.49  3.0446212893054168  0.00000334  -0.00000000  0 0 0 0 8 e   13.70094429

276) 0 0 0 0 12 e  in component 0 = 29.68488541
   80DuDeBuBo.6  4.5667844986280475  0.00000100  -0.00000015  0 0 0 0 11 e   25.11810076
   80DuDeBuBo.7  4.947300708945787  0.00000100  -0.00000015  0 0 0 0 13 e   34.63218627
   82KiMi.61  4.566786333230571  0.00000334  0.00000168  0 0 0 0 11 e   25.11810076
   82KiMi.67  4.94730257690472  0.00000334  0.00000171  0 0 0 0 13 e   34.63218627

277) 0 0 0 0 13 e  in component 0 = 34.63218627
   80DuDeBuBo.7  4.947300708945787  0.00000100  -0.00000015  0 0 0 0 12 e   29.68488541
   80DuDeBuBo.8  5.327804944312509  0.00000067  -0.00000008  0 0 0 0 14 e   39.95999130
   82KiMi.64  5.3278071458355365  0.00000334  0.00000212  0 0 0 0 14 e   39.95999130
   82KiMi.67  4.94730257690472  0.00000334  0.00000171  0 0 0 0 12 e   29.68488541

278) 0 0 0 0 14 e  in component 0 = 39.95999130
   80DuDeBuBo.8  5.327804944312509  0.00000067  -0.00000008  0 0 0 0 13 e   34.63218627
   82KiMi.64  5.3278071458355365  0.00000334  0.00000212  0 0 0 0 13 e   34.63218627
   82KiMi.70  5.708298705766641  0.00000334  0.00000000  0 0 0 0 15 e   45.66829000

279) 0 0 0 0 16 e  in component 0 = 51.75706693
   80DuDeBuBo.9  6.469238328870835  0.00000100  -0.00000018  0 0 0 0 17 e   58.22630543
   82KiMi.73  6.088776923133937  0.00000334  0.00000000  0 0 0 0 15 e   45.66829000
   82KiMi.79  6.469240463681044  0.00000334  0.00000196  0 0 0 0 17 e   58.22630543

280) 0 0 0 0 17 e  in component 0 = 58.22630543
   80DuDeBuBo.9  6.469238328870835  0.00000100  -0.00000018  0 0 0 0 16 e   51.75706693
   80DuDeBuBo.10  6.8496850577875446  0.00000100  -0.00000027  0 0 0 0 18 e   65.07599076
   82KiMi.76  6.849688660279773  0.00000348  0.00000333  0 0 0 0 18 e   65.07599076
   82KiMi.79  6.469240463681044  0.00000334  0.00000196  0 0 0 0 16 e   51.75706693

281) 0 0 0 0 18 e  in component 0 = 65.07599076
   80DuDeBuBo.10  6.8496850577875446  0.00000100  -0.00000027  0 0 0 0 17 e   58.22630543
   80DuDeBuBo.11  7.230118110576351  0.00000100  -0.00000020  0 0 0 0 19 e   72.30610907
   82KiMi.76  6.849688660279773  0.00000348  0.00000333  0 0 0 0 17 e   58.22630543
   82KiMi.82  7.2301205122378365  0.00000334  0.00000220  0 0 0 0 19 e   72.30610907

282) 0 0 0 0 19 e  in component 0 = 72.30610907
   80DuDeBuBo.11  7.230118110576351  0.00000100  -0.00000020  0 0 0 0 18 e   65.07599076
   80DuDeBuBo.12  7.610532550488645  0.00000100  -0.00000020  0 0 0 0 20 e   79.91664183
   82KiMi.82  7.2301205122378365  0.00000334  0.00000220  0 0 0 0 18 e   65.07599076
   82KiMi.85  7.61053501886295  0.00000334  0.00000226  0 0 0 0 20 e   79.91664183

283) 0 0 0 0 20 e  in component 0 = 79.91664183
   80DuDeBuBo.12  7.610532550488645  0.00000100  -0.00000020  0 0 0 0 19 e   72.30610907
   80DuDeBuBo.13  7.990929478285941  0.00000100  -0.00000014  0 0 0 0 21 e   87.90757145
   82KiMi.85  7.61053501886295  0.00000334  0.00000226  0 0 0 0 19 e   72.30610907
   82KiMi.91  7.990931179462827  0.00000334  0.00000156  0 0 0 0 21 e   87.90757145

284) 0 0 0 0 21 e  in component 0 = 87.90757145
   80DuDeBuBo.13  7.990929478285941  0.00000100  -0.00000014  0 0 0 0 20 e   79.91664183
   82KiMi.88  8.371308660473373  0.00000334  0.00000000  0 0 0 0 22 e   96.27888011
   82KiMi.91  7.990931179462827  0.00000334  0.00000156  0 0 0 0 20 e   79.91664183

285) 0 0 0 0 23 e  in component 0 = 105.03054590
   80DuDeBuBo.14  9.132002713690683  0.00000100  0.00000004  0 0 0 0 24 e   114.16254858
   82KiMi.94  8.751665794074114  0.00000334  0.00000000  0 0 0 0 22 e   96.27888011
   82KiMi.97  9.132002246700948  0.00000334  -0.00000043  0 0 0 0 24 e   114.16254858

286) 0 0 0 0 24 e  in component 0 = 114.16254858
   80DuDeBuBo.14  9.132002713690683  0.00000100  0.00000004  0 0 0 0 23 e   105.03054590
   82KiMi.97  9.132002246700948  0.00000334  -0.00000043  0 0 0 0 23 e   105.03054590
   82KiMi.100  9.512316684097502  0.00000334  0.00000000  0 0 0 0 25 e   123.67486526

287) 0 0 0 0 25 e  in component 0 = 123.67486526
   80DuDeBuBo.15  9.892609439827869  0.00000100  0.00000000  0 0 0 0 26 e   133.56747470
   82KiMi.100  9.512316684097502  0.00000334  0.00000000  0 0 0 0 24 e   114.16254858

288) 0 1 0 1 68 e  in component 36 = -1.00000000
   80Landsberg.1  1070.59  0.07000000  1070.59000000  0 3 0 1 69 e   -1.00000000

289) 0 3 0 1 69 e  in component 36 = -1.00000000
   80Landsberg.1  1070.59  0.07000000  1070.59000000  0 1 0 1 68 e   -1.00000000

290) 0 1 0 1 68 f  in component 37 = -1.00000000
   80Landsberg.2  1071.48  0.07000000  1071.48000000  0 3 0 1 69 f   -1.00000000

291) 0 3 0 1 69 f  in component 37 = -1.00000000
   80Landsberg.2  1071.48  0.07000000  1071.48000000  0 1 0 1 68 f   -1.00000000

292) 1 1 0 1 2 e  in component 0 = 1347.35711399
   82KiMi.8  0.760145373637118  0.00000334  0.00000000  1 1 0 1 1 e   1346.59696861
   82KiMi.22  0.760145373637118  0.00000334  0.00000000  1 1 0 1 1 e   1346.59696861
   73MaJo.40  0.760145373637118  0.00000133  0.00000000  1 1 0 1 1 e   1346.59696861
   73MaJo.42  1.1402171431544152  0.00000500  0.00000000  1 1 0 1 3 e   1348.49733113
   82KiMi.29  1.1402171431544152  0.00000334  0.00000000  1 1 0 1 3 e   1348.49733113

293) 1 1 0 1 2 f  in component 0 = 1347.35792081
   82KiMi.9  0.7609520984013547  0.00000334  -0.00000009  1 1 0 1 1 f   1346.59696862
   82KiMi.21  0.7609521984705833  0.00000334  0.00000001  1 1 0 1 1 f   1346.59696862
   73MaJo.33  0.7609521984705833  0.00000133  0.00000001  1 1 0 1 1 f   1346.59696862
   73MaJo.35  1.141428014176394  0.00000100  0.00000000  1 1 0 1 3 f   1348.49934882
   82KiMi.30  1.141428014176394  0.00000334  0.00000000  1 1 0 1 3 f   1348.49934882

294) 0 3 0 1 1 f  in component 3 = -1.00000000
   82KiMi.10  0.7654142853720489  0.00000334  0.76541429  0 3 0 1 2 f   -1.00000000
   82KiMi.13  0.7654142186592299  0.00000334  0.76541422  0 3 0 1 2 f   -1.00000000
   82KiMi.19  0.7654142186592299  0.00000334  0.76541422  0 3 0 1 2 f   -1.00000000
   73MaJo.32  0.7654142853720489  0.00000133  0.76541429  0 3 0 1 2 f   -1.00000000

295) 0 3 0 1 1 e  in component 2 = -1.00000000
   82KiMi.11  0.7639456026608915  0.00000334  0.76394560  0 3 0 1 2 e   -1.00000000
   82KiMi.14  0.7639456026608915  0.00000334  0.76394560  0 3 0 1 2 e   -1.00000000
   82KiMi.17  0.7639456026608915  0.00000334  0.76394560  0 3 0 1 2 e   -1.00000000
   73MaJo.39  0.7639456026608915  0.00000100  0.76394560  0 3 0 1 2 e   -1.00000000

296) 2 0 0 0 1 e  in component 38 = -1.00000000
   82KiMi.12  0.7568076979441557  0.00000334  0.75680770  2 0 0 0 2 e   -1.00000000
   82KiMi.24  0.7568076979441557  0.00000334  0.75680770  2 0 0 0 2 e   -1.00000000
   73MaJo.23  0.7568076979441557  0.00000133  0.75680770  2 0 0 0 2 e   -1.00000000

297) 2 0 0 0 2 e  in component 38 = -1.00000000
   82KiMi.12  0.7568076979441557  0.00000334  0.75680770  2 0 0 0 1 e   -1.00000000
   82KiMi.24  0.7568076979441557  0.00000334  0.75680770  2 0 0 0 1 e   -1.00000000
   73MaJo.23  0.7568076979441557  0.00000133  0.75680770  2 0 0 0 1 e   -1.00000000
   82KiMi.33  1.1352116803418717  0.00000334  1.13521168  2 0 0 0 3 e   -1.00000000

298) 1 2 0 0 1 e  in component 39 = -1.00000000
   82KiMi.18  0.7617022840514553  0.00000334  0.76170228  1 2 0 0 2 e   -1.00000000
   73MaJo.22  0.7617022840514553  0.00000334  0.76170228  1 2 0 0 2 e   -1.00000000

299) 1 2 0 0 2 e  in component 39 = -1.00000000
   82KiMi.18  0.7617022840514553  0.00000334  0.76170228  1 2 0 0 1 e   -1.00000000
   73MaJo.22  0.7617022840514553  0.00000334  0.76170228  1 2 0 0 1 e   -1.00000000
   73MaJo.24  1.1425517582567069  0.00000233  1.14255176  1 2 0 0 3 e   -1.00000000
   82KiMi.35  1.1425517582567069  0.00000334  1.14255176  1 2 0 0 3 e   -1.00000000

300) 0 1 0 1 4 e  in component 0 = 518.80718024
   74ReDy.11  0.0037712256256960276  0.00000003  -0.00000000  0 1 0 1 4 f   518.81095147
   82KiMi.38  1.5242911814679474  0.00000334  0.00000038  0 1 0 1 3 e   517.28288944
   82KiMi.44  1.9053548038223163  0.00000334  0.00000047  0 1 0 1 5 e   520.71253457

301) 0 1 0 1 4 f  in component 0 = 518.81095147
   74ReDy.11  0.0037712256256960276  0.00000003  -0.00000000  0 1 0 1 4 e   518.80718024
   82KiMi.39  1.525798891178243  0.00000334  -0.00000038  0 1 0 1 3 f   517.28515219
   82KiMi.45  1.9072394409601858  0.00000334  -0.00000047  0 1 0 1 5 f   520.71819138

302) 0 1 0 1 5 e  in component 0 = 520.71253457
   74ReDy.12  0.005656808417775473  0.00000003  0.00000000  0 1 0 1 5 f   520.71819138
   82KiMi.41  2.2864150905357334  0.00000334  -0.00000112  0 1 0 1 6 e   522.99895078
   82KiMi.44  1.9053548038223163  0.00000334  0.00000047  0 1 0 1 4 e   518.80718024

303) 0 1 0 1 5 f  in component 0 = 520.71819138
   74ReDy.12  0.005656808417775473  0.00000003  0.00000000  0 1 0 1 5 e   520.71253457
   82KiMi.42  2.2886799907421285  0.00000334  0.00000112  0 1 0 1 6 f   523.00687025
   82KiMi.45  1.9072394409601858  0.00000334  -0.00000047  0 1 0 1 4 f   518.81095147

304) 0 1 0 1 6 e  in component 0 = 522.99895078
   74ReDy.13  0.007919470409092145  0.00000003  -0.00000000  0 1 0 1 6 f   523.00687025
   82KiMi.41  2.2864150905357334  0.00000334  -0.00000112  0 1 0 1 5 e   520.71253457
   82KiMi.47  2.6674687059672464  0.00000334  -0.00000105  0 1 0 1 7 e   525.66642054

305) 0 1 0 1 6 f  in component 0 = 523.00687025
   74ReDy.13  0.007919470409092145  0.00000003  -0.00000000  0 1 0 1 6 e   522.99895078
   82KiMi.42  2.2886799907421285  0.00000334  0.00000112  0 1 0 1 5 f   520.71819138
   82KiMi.48  2.6701105336012154  0.00000334  0.00000105  0 1 0 1 7 f   525.67697974

306) 0 1 0 1 7 e  in component 0 = 525.66642054
   74ReDy.14  0.010559199924902713  0.00000003  -0.00000000  0 1 0 1 7 f   525.67697974
   82KiMi.47  2.6674687059672464  0.00000334  -0.00000105  0 1 0 1 6 e   522.99895078
   82KiMi.50  3.048518985757807  0.00000334  -0.00000000  0 1 0 1 8 e   528.71493952

307) 0 1 0 1 7 f  in component 0 = 525.67697974
   74ReDy.14  0.010559199924902713  0.00000003  -0.00000000  0 1 0 1 7 e   525.66642054
   82KiMi.48  2.6701105336012154  0.00000334  0.00000105  0 1 0 1 6 f   523.00687025
   82KiMi.51  3.0515344051783986  0.00000334  0.00000000  0 1 0 1 8 f   528.72851414

308) 0 1 0 1 38 e  in component 40 = -1.00000000
   73MaJo.1  0.27919214698856765  0.00000233  0.27919215  0 1 0 1 38 f   -1.00000000

309) 0 1 0 1 38 f  in component 40 = -1.00000000
   73MaJo.1  0.27919214698856765  0.00000233  0.27919215  0 1 0 1 38 e   -1.00000000

310) 0 1 0 1 40 e  in component 41 = -1.00000000
   73MaJo.3  0.30892571687043574  0.00000233  0.30892572  0 1 0 1 40 f   -1.00000000

311) 0 1 0 1 40 f  in component 41 = -1.00000000
   73MaJo.3  0.30892571687043574  0.00000233  0.30892572  0 1 0 1 40 e   -1.00000000

312) 0 1 0 1 45 e  in component 42 = -1.00000000
   73MaJo.6  0.38982268193017716  0.00000334  0.38982268  0 1 0 1 45 f   -1.00000000

313) 0 1 0 1 45 f  in component 42 = -1.00000000
   73MaJo.6  0.38982268193017716  0.00000334  0.38982268  0 1 0 1 45 e   -1.00000000

314) 0 1 0 1 47 e  in component 43 = -1.00000000
   73MaJo.7  0.4248018807731314  0.00000233  0.42480188  0 1 0 1 47 f   -1.00000000

315) 0 1 0 1 47 f  in component 43 = -1.00000000
   73MaJo.7  0.4248018807731314  0.00000233  0.42480188  0 1 0 1 47 e   -1.00000000

316) 0 1 0 1 48 e  in component 44 = -1.00000000
   73MaJo.8  0.4428533689129698  0.00000233  0.44285337  0 1 0 1 48 f   -1.00000000

317) 0 1 0 1 48 f  in component 44 = -1.00000000
   73MaJo.8  0.4428533689129698  0.00000233  0.44285337  0 1 0 1 48 e   -1.00000000

318) 0 0 1 0 2 e  in component 0 = 2026.97758692
   73MaJo.21  0.7565026869355066  0.00000267  -0.00000000  0 0 1 0 1 e   2026.22108424

319) 1 2 0 0 3 e  in component 39 = -1.00000000
   73MaJo.24  1.1425517582567069  0.00000233  1.14255176  1 2 0 0 2 e   -1.00000000
   82KiMi.35  1.1425517582567069  0.00000334  1.14255176  1 2 0 0 2 e   -1.00000000

320) 1 2 0 2 2 e  in component 45 = -1.00000000
   73MaJo.25  1.1430617777582648  0.00000334  1.14306178  1 2 0 2 3 e   -1.00000000
   82KiMi.34  1.1430617777582648  0.00000334  1.14306178  1 2 0 2 3 e   -1.00000000

321) 1 2 0 2 3 e  in component 45 = -1.00000000
   73MaJo.25  1.1430617777582648  0.00000334  1.14306178  1 2 0 2 2 e   -1.00000000
   82KiMi.34  1.1430617777582648  0.00000334  1.14306178  1 2 0 2 2 e   -1.00000000

322) 0 4 0 2 4 e  in component 46 = -1.00000000
   73MaJo.26  1.914471444108177  0.00000267  1.91447144  0 4 0 2 5 e   -1.00000000

323) 0 4 0 2 5 e  in component 46 = -1.00000000
   73MaJo.26  1.914471444108177  0.00000267  1.91447144  0 4 0 2 4 e   -1.00000000

324) 0 4 0 4 4 e  in component 47 = -1.00000000
   73MaJo.27  1.9162576798379631  0.00000334  1.91625768  0 4 0 4 5 e   -1.00000000

325) 0 4 0 4 5 e  in component 47 = -1.00000000
   73MaJo.27  1.9162576798379631  0.00000334  1.91625768  0 4 0 4 4 e   -1.00000000

326) 0 4 0 4 10 e  in component 48 = -1.00000000
   73MaJo.28  4.215586037191103  0.00000667  4.21558604  0 4 0 4 11 e   -1.00000000

327) 0 4 0 4 11 e  in component 48 = -1.00000000
   73MaJo.28  4.215586037191103  0.00000667  4.21558604  0 4 0 4 10 e   -1.00000000

328) 1 2 0 2 10 e  in component 49 = -1.00000000
   73MaJo.29  4.190979681016525  0.00000500  4.19097968  1 2 0 2 11 e   -1.00000000

329) 1 2 0 2 11 e  in component 49 = -1.00000000
   73MaJo.29  4.190979681016525  0.00000500  4.19097968  1 2 0 2 10 e   -1.00000000

330) 0 3 0 1 3 f  in component 3 = -1.00000000
   73MaJo.34  1.148121945082421  0.00000500  1.14812195  0 3 0 1 2 f   -1.00000000
   82KiMi.32  1.148121945082421  0.00000334  1.14812195  0 3 0 1 2 f   -1.00000000

331) 0 3 0 1 3 e  in component 2 = -1.00000000
   73MaJo.41  1.1459176868285326  0.00000133  1.14591769  0 3 0 1 2 e   -1.00000000
   82KiMi.31  1.1459176868285326  0.00000334  1.14591769  0 3 0 1 2 e   -1.00000000

332) 0 3 0 3 4 e  in component 50 = -1.00000000
   73MaJo.43  1.912967170108062  0.00000100  1.91296717  0 3 0 3 5 e   -1.00000000

333) 0 3 0 3 5 e  in component 50 = -1.00000000
   73MaJo.43  1.912967170108062  0.00000100  1.91296717  0 3 0 3 4 e   -1.00000000

334) 0 3 0 3 10 e  in component 51 = -1.00000000
   73MaJo.44  4.208344027120256  0.00000233  4.20834403  0 3 0 3 11 e   -1.00000000

335) 0 3 0 3 11 e  in component 51 = -1.00000000
   73MaJo.44  4.208344027120256  0.00000233  4.20834403  0 3 0 3 10 e   -1.00000000

336) 1 2 0 2 2 f  in component 52 = -1.00000000
   73MaJo.47  1.1430617777582648  0.00000334  1.14306178  1 2 0 2 3 f   -1.00000000

337) 1 2 0 2 3 f  in component 52 = -1.00000000
   73MaJo.47  1.1430617777582648  0.00000334  1.14306178  1 2 0 2 2 f   -1.00000000

338) 1 2 0 2 10 f  in component 53 = -1.00000000
   73MaJo.48  4.191017707323378  0.00000500  4.19101771  1 2 0 2 11 f   -1.00000000

339) 1 2 0 2 11 f  in component 53 = -1.00000000
   73MaJo.48  4.191017707323378  0.00000500  4.19101771  1 2 0 2 10 f   -1.00000000

340) 0 4 0 2 4 f  in component 54 = -1.00000000
   73MaJo.49  1.9144814510310328  0.00000267  1.91448145  0 4 0 2 5 f   -1.00000000

341) 0 4 0 2 5 f  in component 54 = -1.00000000
   73MaJo.49  1.9144814510310328  0.00000267  1.91448145  0 4 0 2 4 f   -1.00000000

342) 2 0 0 0 3 e  in component 38 = -1.00000000
   82KiMi.33  1.1352116803418717  0.00000334  1.13521168  2 0 0 0 2 e   -1.00000000

343) 0 0 0 0 4 e  in component 0 = 3.80585778
   82KiMi.37  1.5223394979469431  0.00000334  -0.00000000  0 0 0 0 3 e   2.28351828
   82KiMi.43  1.9029177845427987  0.00000334  -0.00000000  0 0 0 0 5 e   5.70877556

344) 0 0 0 0 8 e  in component 0 = 13.70094429
   82KiMi.49  3.0446212893054168  0.00000334  -0.00000000  0 0 0 0 7 e   10.65632300
   82KiMi.55  3.425175559286418  0.00000334  -0.00000000  0 0 0 0 9 e   17.12611985

345) 0 1 0 1 8 e  in component 0 = 528.71493952
   82KiMi.50  3.048518985757807  0.00000334  -0.00000000  0 1 0 1 7 e   525.66642054
   82KiMi.56  3.4295592586255124  0.00000334  -0.00000000  0 1 0 1 9 e   532.14449878

346) 0 1 0 1 8 f  in component 0 = 528.72851414
   82KiMi.51  3.0515344051783986  0.00000334  0.00000000  0 1 0 1 7 f   525.67697974
   82KiMi.57  3.4329516054736775  0.00000334  -0.00000000  0 1 0 1 9 f   532.16146575

347) 0 0 0 0 9 e  in component 0 = 17.12611985
   82KiMi.52  3.805721823729135  0.00000334  -0.00000000  0 0 0 0 10 e   20.93184167
   82KiMi.55  3.425175559286418  0.00000334  -0.00000000  0 0 0 0 8 e   13.70094429

348) 0 1 0 1 9 e  in component 0 = 532.14449878
   82KiMi.53  3.810602867134169  0.00000334  -0.00000000  0 1 0 1 10 e   535.95510165
   82KiMi.56  3.4295592586255124  0.00000334  -0.00000000  0 1 0 1 8 e   528.71493952

349) 0 1 0 1 9 f  in component 0 = 532.16146575
   82KiMi.54  3.8143721414099083  0.00000334  0.00000000  0 1 0 1 10 f   535.97583789
   82KiMi.57  3.4329516054736775  0.00000334  -0.00000000  0 1 0 1 8 f   528.72851414

350) 0 1 0 1 10 f  in component 0 = 535.97583789
   82KiMi.54  3.8143721414099083  0.00000334  0.00000000  0 1 0 1 9 f   532.16146575
   82KiMi.60  4.195769327859475  0.00000334  0.00000000  0 1 0 1 11 f   540.17160722

351) 0 1 0 1 11 f  in component 0 = 540.17160722
   82KiMi.60  4.195769327859475  0.00000334  0.00000000  0 1 0 1 10 f   535.97583789
   82KiMi.63  4.577133157899523  0.00000334  -0.00000000  0 1 0 1 12 f   544.74874037

352) 0 1 0 1 12 e  in component 0 = 544.71934648
   82KiMi.62  4.572630042614348  0.00000334  -0.00000000  0 1 0 1 11 e   540.14671643
   82KiMi.68  4.953626952149677  0.00000334  -0.00000000  0 1 0 1 13 e   549.67297343

353) 0 1 0 1 12 f  in component 0 = 544.74874037
   82KiMi.63  4.577133157899523  0.00000334  -0.00000000  0 1 0 1 11 f   540.17160722
   82KiMi.69  4.958530344349089  0.00000334  0.00000000  0 1 0 1 13 f   549.70727072

354) 0 1 0 1 13 e  in component 0 = 549.67297343
   82KiMi.65  5.334623861685006  0.00000334  -0.00000000  0 1 0 1 14 e   555.00759729
   82KiMi.68  4.953626952149677  0.00000334  -0.00000000  0 1 0 1 12 e   544.71934648

355) 0 1 0 1 14 e  in component 0 = 555.00759729
   82KiMi.65  5.334623861685006  0.00000334  -0.00000000  0 1 0 1 13 e   549.67297343
   82KiMi.71  5.715587414810815  0.00000334  -0.00000000  0 1 0 1 15 e   560.72318471

356) 0 1 0 1 13 f  in component 0 = 549.70727072
   82KiMi.66  5.334623861685006  0.00000334  -0.00000000  0 1 0 1 14 f   555.04189458
   82KiMi.69  4.958530344349089  0.00000334  0.00000000  0 1 0 1 12 f   544.74874037

357) 0 1 0 1 14 f  in component 0 = 555.04189458
   82KiMi.66  5.334623861685006  0.00000334  -0.00000000  0 1 0 1 13 f   549.70727072
   82KiMi.72  5.721258004429184  0.00000334  0.00000000  0 1 0 1 15 f   560.76315258

358) 0 0 0 0 15 e  in component 0 = 45.66829000
   82KiMi.70  5.708298705766641  0.00000334  0.00000000  0 0 0 0 14 e   39.95999130
   82KiMi.73  6.088776923133937  0.00000334  0.00000000  0 0 0 0 16 e   51.75706693

359) 0 1 0 1 15 e  in component 0 = 560.72318471
   82KiMi.71  5.715587414810815  0.00000334  -0.00000000  0 1 0 1 14 e   555.00759729
   82KiMi.74  6.096550967936625  0.00000334  -0.00000000  0 1 0 1 16 e   566.81973567

360) 0 1 0 1 15 f  in component 0 = 560.76315258
   82KiMi.72  5.721258004429184  0.00000334  0.00000000  0 1 0 1 14 f   555.04189458
   82KiMi.75  6.096550967936625  0.00000334  -0.00000000  0 1 0 1 16 f   566.85970355

361) 0 1 0 1 16 f  in component 0 = 566.85970355
   82KiMi.75  6.096550967936625  0.00000334  -0.00000000  0 1 0 1 15 f   560.76315258
   82KiMi.81  6.483885595280719  0.00000334  0.00000000  0 1 0 1 17 f   573.34358915

362) 0 1 0 1 18 e  in component 0 = 580.15562820
   82KiMi.77  6.858411361369204  0.00000334  -0.00000000  0 1 0 1 17 e   573.29721684
   82KiMi.83  7.239341558085494  0.00000334  -0.00000000  0 1 0 1 19 e   587.39496976

363) 0 1 0 1 18 f  in component 0 = 580.20880522
   82KiMi.78  6.865216068911247  0.00000334  0.00000000  0 1 0 1 17 f   573.34358915
   82KiMi.84  7.246479829722734  0.00000334  0.00000000  0 1 0 1 19 f   587.45528505

364) 0 1 0 1 19 e  in component 0 = 587.39496976
   82KiMi.83  7.239341558085494  0.00000334  -0.00000000  0 1 0 1 18 e   580.15562820
   82KiMi.86  7.620238398392264  0.00000334  -0.00000000  0 1 0 1 20 e   595.01520816

365) 0 1 0 1 19 f  in component 0 = 587.45528505
   82KiMi.84  7.246479829722734  0.00000334  0.00000000  0 1 0 1 18 f   580.20880522
   82KiMi.87  7.627776946943742  0.00000334  -0.00000000  0 1 0 1 20 f   595.08306199

366) 0 1 0 1 20 e  in component 0 = 595.01520816
   82KiMi.86  7.620238398392264  0.00000334  -0.00000000  0 1 0 1 19 e   587.39496976
   82KiMi.92  8.001101882289515  0.00000334  -0.00000000  0 1 0 1 21 e   603.01631004

367) 0 1 0 1 20 f  in component 0 = 595.08306199
   82KiMi.87  7.627776946943742  0.00000334  -0.00000000  0 1 0 1 19 f   587.45528505
   82KiMi.93  8.00900735134571  0.00000334  -0.00000000  0 1 0 1 21 f   603.09206934

368) 0 0 0 0 22 e  in component 0 = 96.27888011
   82KiMi.88  8.371308660473373  0.00000334  0.00000000  0 0 0 0 21 e   87.90757145
   82KiMi.94  8.751665794074114  0.00000334  0.00000000  0 0 0 0 23 e   105.03054590

369) 0 1 0 1 21 e  in component 0 = 603.01631004
   82KiMi.89  8.381965366186764  0.00000334  -0.00000000  0 1 0 1 22 e   611.39827541
   82KiMi.92  8.001101882289515  0.00000334  -0.00000000  0 1 0 1 20 e   595.01520816

370) 0 1 0 1 22 e  in component 0 = 611.39827541
   82KiMi.89  8.381965366186764  0.00000334  -0.00000000  0 1 0 1 21 e   603.01631004
   82KiMi.95  8.762795493674494  0.00000334  -0.00000000  0 1 0 1 23 e   620.16107090

371) 0 1 0 1 21 f  in component 0 = 603.09206934
   82KiMi.90  8.390237755747679  0.00000334  0.00000000  0 1 0 1 22 f   611.48230710
   82KiMi.93  8.00900735134571  0.00000334  -0.00000000  0 1 0 1 20 f   595.08306199

372) 0 1 0 1 23 e  in component 0 = 620.16107090
   82KiMi.95  8.762795493674494  0.00000334  -0.00000000  0 1 0 1 22 e   611.39827541
   82KiMi.98  9.143592264752705  0.00000334  -0.00000000  0 1 0 1 24 e   629.30466316

373) 0 1 0 1 23 f  in component 0 = 620.25377526
   82KiMi.96  8.771468160149645  0.00000334  -0.00000000  0 1 0 1 22 f   611.48230710
   82KiMi.99  9.152631851732574  0.00000334  0.00000000  0 1 0 1 24 f   629.40640711

374) 0 1 0 1 24 e  in component 0 = 629.30466316
   82KiMi.98  9.143592264752705  0.00000334  -0.00000000  0 1 0 1 23 e   620.16107090
   82KiMi.101  9.524389035830914  0.00000334  -0.00000000  0 1 0 1 25 e   638.82905220

375) 0 1 0 1 24 f  in component 0 = 629.40640711
   82KiMi.99  9.152631851732574  0.00000334  0.00000000  0 1 0 1 23 f   620.25377526
   82KiMi.102  9.533795543315502  0.00000334  0.00000000  0 1 0 1 25 f   638.94020266

376) 0 1 0 1 25 f  in component 0 = 638.94020266
   82KiMi.102  9.533795543315502  0.00000334  0.00000000  0 1 0 1 24 f   629.40640711

