nb bootstrap iteration = 100
0 0 0 0 1 e   0.000000000  0.000000000  0.000e+00  0.000e+00  0.000e+00
0 0 0 0 2 e   0.792134658  0.792134658  5.206e-17  6.640e-04  1.001e-03
0 0 0 0 3 e   2.010933513  2.010618684  1.196e-03  2.724e-03  5.498e-03
0 0 0 0 4 e   3.560614658  3.560614658  2.455e-16  2.722e-03  2.823e-03
0 0 0 0 5 e   5.540565175  5.540716514  9.590e-04  2.724e-03  5.498e-03
0 0 0 0 6 e   7.914738893  7.914782514  2.096e-04  2.724e-03  4.776e-03
0 0 0 0 7 e   10.685223944  10.685208121  1.370e-04  2.724e-03  5.498e-03
0 0 0 0 8 e   13.851857809  13.851901003  2.098e-04  2.727e-03  6.138e-03
0 0 0 0 9 e   17.414694234  17.415321458  2.884e-03  3.072e-03  7.999e-03
0 0 0 0 10 e   21.343634887  21.343195135  2.250e-02  3.072e-03  2.350e-02
0 0 0 0 11 e   25.725883435  25.726510321  2.884e-03  3.074e-03  9.103e-03
0 0 0 0 12 e   30.475034748  30.475659168  2.883e-03  3.072e-03  8.510e-03
0 0 0 0 13 e   35.620225851  35.620853494  2.883e-03  3.076e-03  1.009e-02
0 0 0 0 14 e   41.160825639  41.161450313  2.883e-03  3.074e-03  9.555e-03
0 0 0 0 15 e   47.097245851  47.097873494  2.883e-03  3.078e-03  1.099e-02
0 0 0 0 16 e   53.429447453  53.430072946  2.883e-03  3.076e-03  1.050e-02
0 0 0 0 17 e   60.157132590  60.157759024  2.883e-03  3.080e-03  1.182e-02
0 0 0 0 18 e   67.280547453  67.281172946  2.883e-03  3.078e-03  1.137e-02
0 0 0 0 19 e   74.799662590  74.800289024  2.883e-03  3.082e-03  1.260e-02
0 0 0 0 20 e   82.714237453  82.714862946  2.883e-03  3.080e-03  1.217e-02
0 0 0 0 21 e   91.024362593  91.024988841  2.883e-03  3.084e-03  1.333e-02
0 0 0 0 22 e   99.730067960  99.730693645  2.883e-03  3.082e-03  1.293e-02
0 0 0 0 23 e   108.831494921  108.832064673  2.898e-03  3.393e-03  1.413e-02
0 0 0 0 24 e   118.328417960  118.329043645  2.883e-03  3.391e-03  1.375e-02
0 0 0 0 25 e   128.220414921  128.220984673  2.898e-03  3.676e-03  1.503e-02
0 0 0 0 26 e   138.508486713  138.509111700  2.883e-03  3.393e-03  1.457e-02
0 0 0 0 27 e   149.191137147  149.191708343  2.897e-03  3.678e-03  1.590e-02
0 0 0 0 28 e   160.267586713  160.268211700  2.883e-03  6.236e-03  1.662e-02
0 0 0 0 29 e   171.743650435  171.744213412  2.892e-03  3.940e-03  1.682e-02
0 0 0 0 30 e   183.611476713  183.612101700  2.883e-03  6.395e-03  1.889e-02
0 0 0 0 31 e   195.876750435  195.877313412  2.892e-03  6.550e-03  1.884e-02
0 0 0 0 32 e   208.535627879  208.536248515  2.904e-03  6.453e-03  2.097e-02
0 0 0 0 34 e   235.041837879  235.042458515  2.904e-03  6.454e-03  2.287e-02
0 0 0 0 36 e   263.128717879  263.129338515  2.904e-03  6.455e-03  2.462e-02
0 0 0 0 38 e   292.795876402  292.796496007  2.905e-03  6.456e-03  2.626e-02
0 0 0 0 40 e   324.043376402  324.043996007  2.905e-03  6.457e-03  2.780e-02
0 0 0 0 42 e   356.870526402  356.871146007  2.905e-03  6.458e-03  2.927e-02
0 1 0 1 1 e   519.678448116  519.678967459  7.586e-03  2.902e-03  1.762e-02
0 1 0 1 2 e   520.471012417  520.471531760  7.586e-03  2.902e-03  1.591e-02
0 1 0 1 3 e   521.659856867  521.660376210  7.586e-03  2.902e-03  1.398e-02
0 1 0 1 4 e   523.244978232  523.245497575  7.586e-03  2.902e-03  1.174e-02
0 1 0 1 5 e   525.193015563  525.193534906  7.586e-03  2.902e-03  8.964e-03
0 1 0 1 6 e   527.570677274  527.571196637  7.586e-03  2.902e-03  9.369e-03
0 1 0 1 8 e   533.526042464  533.526718001  2.901e-03  2.904e-03  7.386e-03
0 1 0 1 9 e   537.092465374  537.093140911  2.901e-03  2.904e-03  6.790e-03
0 1 0 1 10 e   541.055125686  541.055801190  2.901e-03  2.904e-03  7.386e-03
0 1 0 1 11 e   545.414011677  545.414687145  2.901e-03  2.904e-03  7.936e-03
0 1 0 1 12 e   550.168824643  550.169455924  2.876e-03  3.232e-03  9.660e-03
0 1 0 1 13 e   555.320005193  555.320622262  2.872e-03  3.230e-03  9.102e-03
0 1 0 1 14 e   560.867555851  560.868183494  2.883e-03  3.234e-03  1.059e-02
0 1 0 1 15 e   566.811126546  566.811754789  2.893e-03  3.232e-03  1.009e-02
0 1 0 1 16 e   573.151479221  573.152118018  2.882e-03  3.236e-03  1.145e-02
0 1 0 1 18 e   587.019292590  587.019919024  2.883e-03  3.240e-03  1.301e-02
0 1 0 1 19 e   594.547337453  594.547962946  2.883e-03  3.238e-03  1.259e-02
0 1 0 1 20 e   602.472117591  602.472741564  2.883e-03  3.240e-03  1.301e-02
0 1 0 1 21 e   610.792402707  610.793032049  2.873e-03  3.238e-03  1.259e-02
0 1 0 1 22 e   619.508813757  619.509410890  2.888e-03  3.242e-03  1.372e-02
0 1 0 1 23 e   628.621457960  628.622083645  2.883e-03  3.240e-03  1.333e-02
0 1 0 1 24 e   638.129604921  638.130174673  2.898e-03  3.537e-03  1.457e-02
0 1 0 1 25 e   648.034256713  648.034881700  2.883e-03  3.537e-03  1.499e-02
0 1 0 1 26 e   658.334301034  658.334879956  2.903e-03  3.809e-03  1.550e-02
0 1 0 1 27 e   669.031416713  669.032041700  2.883e-03  3.537e-03  1.499e-02
0 1 0 1 28 e   680.122483791  680.123055061  2.902e-03  3.811e-03  1.635e-02
0 1 0 1 29 e   691.608826713  691.609451700  2.883e-03  6.316e-03  1.778e-02
0 1 0 1 30 e   703.493660435  703.494223412  2.892e-03  6.626e-03  1.997e-02
0 1 0 1 31 e   715.772497296  715.773127917  2.882e-03  6.472e-03  1.997e-02
0 1 0 1 33 e   741.519627879  741.520248515  2.904e-03  6.531e-03  2.378e-02
0 1 0 1 35 e   768.849087879  768.849708515  2.904e-03  6.531e-03  2.378e-02
0 1 0 1 37 e   797.761497879  797.762118515  2.904e-03  6.532e-03  2.548e-02
0 1 0 1 39 e   828.256296402  828.256916007  2.905e-03  6.533e-03  2.706e-02
1 0 0 0 1 e   847.738248671  847.738248671  4.812e-14  5.300e-04  7.495e-04
1 0 0 0 2 e   848.527480000  848.527480000  5.898e-14  5.300e-04  5.300e-04
1 0 0 0 3 e   849.711324658  849.711324658  6.118e-14  5.300e-04  7.495e-04
1 0 0 0 4 e   851.312796950  851.309881807  1.133e-02  2.754e-03  1.259e-02
1 0 0 0 5 e   853.261114658  853.261114658  6.500e-14  2.900e-03  4.047e-03
1 0 0 0 6 e   855.630365175  855.630516514  9.590e-04  3.815e-03  6.692e-03
0 1 0 1 41 e   860.332616402  860.333236007  2.905e-03  6.534e-03  2.856e-02
1 0 0 0 11 e   873.357034887  873.356595135  2.250e-02  3.986e-03  3.254e-02
1 0 0 0 12 e   878.123273435  878.123900321  2.884e-03  3.119e-03  9.623e-03
1 0 0 0 13 e   883.252554748  883.253179168  2.883e-03  3.098e-03  9.056e-03
1 0 0 0 14 e   888.776775851  888.777403494  2.883e-03  3.500e-03  1.068e-02
0 1 0 1 43 e   893.990766402  893.991386007  2.905e-03  6.535e-03  2.999e-02
1 0 0 0 16 e   901.008155851  901.008783494  2.883e-03  3.215e-03  1.145e-02
1 0 0 0 19 e   922.315806847  922.316417683  2.985e-03  4.816e-03  1.432e-02
1 0 0 0 20 e   930.207608638  930.208134964  3.059e-03  4.814e-03  1.395e-02
1 0 0 0 21 e   938.491863214  938.492469267  2.948e-03  4.817e-03  1.497e-02
1 0 0 0 22 e   947.170694921  947.171264673  2.898e-03  3.751e-03  1.462e-02
1 0 0 0 29 e   1018.997956713  1018.998581700  2.883e-03  6.237e-03  1.775e-02
1 0 0 0 30 e   1030.803450435  1030.804013412  2.892e-03  4.760e-03  1.748e-02
1 0 0 0 31 e   1043.029473962  1043.030097614  2.886e-03  6.407e-03  1.995e-02
0 2 0 0 1 e   1045.175935802  1045.175935732  4.324e-07  2.723e-03  6.712e-03
0 2 0 0 2 e   1045.969984130  1045.969984060  4.324e-07  2.723e-03  6.135e-03
0 2 0 0 3 e   1047.161058122  1047.161058052  4.324e-07  2.723e-03  5.497e-03
0 2 0 0 4 e   1048.749150575  1048.749150505  4.324e-07  2.723e-03  4.775e-03
0 2 0 0 5 e   1050.700904658  1050.700904658  7.024e-14  2.723e-03  3.923e-03
0 2 0 0 6 e   1053.083028146  1053.083028233  4.534e-07  2.723e-03  4.775e-03
0 2 0 0 7 e   1055.862378351  1055.862421592  2.096e-04  2.726e-03  5.499e-03
0 2 0 0 8 e   1059.039352997  1059.039979879  2.884e-03  3.073e-03  8.569e-03
0 2 0 0 9 e   1062.612479546  1062.613106432  2.884e-03  3.073e-03  9.103e-03
0 2 0 0 10 e   1066.582593435  1066.583220321  2.884e-03  3.073e-03  8.569e-03
1 0 0 0 33 e   1068.667437879  1068.668058515  2.904e-03  6.466e-03  2.194e-02
0 2 0 0 11 e   1070.949686785  1070.950313670  2.884e-03  3.073e-03  9.048e-03
0 2 0 0 12 e   1075.713864643  1075.714491763  2.883e-03  3.075e-03  9.609e-03
0 2 0 0 13 e   1080.874665193  1080.875289745  2.883e-03  3.073e-03  9.048e-03
0 2 0 0 14 e   1086.432815851  1086.433443494  2.883e-03  3.077e-03  1.055e-02
0 2 0 0 15 e   1092.387746546  1092.388371495  2.883e-03  3.075e-03  1.004e-02
1 0 0 0 35 e   1095.882537879  1095.883158515  2.904e-03  6.667e-03  2.382e-02
0 2 0 0 16 e   1098.739584221  1098.740211012  2.883e-03  3.079e-03  1.141e-02
0 2 0 0 17 e   1105.488427453  1105.489052946  2.883e-03  3.077e-03  1.094e-02
0 2 0 0 18 e   1112.634062590  1112.634689024  2.883e-03  3.081e-03  1.221e-02
0 2 0 0 19 e   1120.176657453  1120.177282946  2.883e-03  3.079e-03  1.177e-02
0 2 0 0 20 e   1128.116072591  1128.116699002  2.883e-03  3.083e-03  1.297e-02
0 2 0 0 21 e   1136.452397707  1136.453023357  2.883e-03  3.081e-03  1.255e-02
0 2 0 0 22 e   1145.185424921  1145.185994673  2.898e-03  3.394e-03  1.453e-02
0 2 0 0 23 e   1154.315337960  1154.315963645  2.883e-03  3.392e-03  1.416e-02
1 0 0 0 39 e   1155.069586402  1155.070206007  2.905e-03  6.457e-03  2.704e-02
0 2 0 0 24 e   1163.841994921  1163.842564673  2.898e-03  3.394e-03  1.453e-02
0 2 0 0 25 e   1173.765447337  1173.766072600  2.883e-03  3.392e-03  1.416e-02
0 2 0 0 26 e   1184.085456034  1184.086026688  2.898e-03  3.677e-03  1.547e-02
0 2 0 0 27 e   1194.799936713  1194.800561700  2.883e-03  6.237e-03  1.775e-02
0 2 0 0 28 e   1205.915600435  1205.916163412  2.892e-03  3.941e-03  1.727e-02
0 2 0 0 29 e   1217.424296713  1217.424921700  2.883e-03  6.395e-03  1.995e-02
0 2 0 0 30 e   1229.331948673  1229.332509301  2.889e-03  6.551e-03  1.995e-02
0 2 0 0 31 e   1241.634337879  1241.634958515  2.904e-03  6.454e-03  2.194e-02
0 2 0 0 33 e   1267.431717879  1267.432338515  2.904e-03  6.454e-03  2.194e-02
0 2 0 0 35 e   1294.815317879  1294.815938515  2.904e-03  6.455e-03  2.376e-02
0 2 0 0 37 e   1323.784797140  1323.785417289  2.905e-03  6.456e-03  2.546e-02
0 2 0 0 39 e   1354.340006402  1354.340626007  2.905e-03  6.457e-03  2.704e-02
0 2 0 0 41 e   1386.480286402  1386.480906007  2.905e-03  6.458e-03  2.854e-02
1 1 0 1 12 e   1391.189825023  1391.190500491  2.901e-03  2.904e-03  8.451e-03
0 2 0 0 43 e   1420.206216402  1420.206836007  2.905e-03  6.459e-03  2.997e-02
1 1 0 1 19 e   1435.445105890  1435.445732325  2.883e-03  3.240e-03  1.340e-02
1 1 0 1 20 e   1443.347142817  1443.347768310  2.883e-03  3.238e-03  1.300e-02
1 1 0 1 23 e   1469.424524445  1469.425121578  2.888e-03  3.242e-03  1.410e-02
1 1 0 1 29 e   1532.236481935  1532.237053205  2.902e-03  3.811e-03  1.679e-02
2 0 0 0 1 e   1688.757734658  1688.757734658  1.131e-13  3.759e-03  3.890e-03
2 0 0 0 2 e   1689.544560323  1689.544560323  1.163e-13  3.759e-03  5.410e-03
2 0 0 0 6 e   1696.622494560  1696.622590476  6.378e-04  4.595e-03  7.165e-03
2 0 0 0 7 e   1699.376598351  1699.376578670  8.557e-04  4.595e-03  6.627e-03
2 0 0 0 8 e   1702.524394234  1702.525021458  2.884e-03  4.809e-03  9.333e-03
2 0 0 0 9 e   1706.049496348  1706.049783523  1.572e-02  4.596e-03  1.687e-02
2 0 0 0 11 e   1714.314284818  1714.313260102  1.726e-02  4.809e-03  1.924e-02
2 0 0 0 13 e   1724.162068714  1724.162695600  2.884e-03  3.119e-03  1.012e-02
2 0 0 0 14 e   1729.669825851  1729.670453494  2.883e-03  4.812e-03  1.118e-02
2 0 0 0 15 e   1735.570736546  1735.571358677  2.920e-03  4.810e-03  1.070e-02
2 0 0 0 16 e   1741.864739221  1741.865348863  2.876e-03  4.813e-03  1.200e-02
2 0 0 0 17 e   1748.550647453  1748.551272946  2.883e-03  4.813e-03  1.234e-02
2 0 0 0 18 e   1755.632062590  1755.632689024  2.883e-03  4.816e-03  1.349e-02
2 0 0 0 20 e   1770.971612591  1770.972223427  2.985e-03  4.816e-03  1.349e-02
2 0 0 0 21 e   1779.232002707  1779.232529033  3.059e-03  4.814e-03  1.309e-02
2 0 0 0 22 e   1787.884578757  1787.885184810  2.948e-03  4.817e-03  1.417e-02
2 0 0 0 23 e   1796.932667960  1796.933293645  2.883e-03  4.816e-03  1.380e-02
2 0 0 0 25 e   1816.203752337  1816.204422914  3.000e-03  5.019e-03  1.464e-02
2 0 0 0 26 e   1826.431737147  1826.432308343  2.897e-03  5.217e-03  1.673e-02
2 0 0 0 27 e   1837.046686713  1837.047311700  2.883e-03  5.020e-03  1.541e-02
2 0 0 0 28 e   1848.058693791  1848.059240673  2.962e-03  5.217e-03  1.673e-02
2 0 0 0 30 e   1871.261350435  1871.261913412  2.892e-03  5.405e-03  1.767e-02
2 0 0 0 31 e   1883.451352296  1883.452309521  3.301e-03  7.388e-03  2.029e-02
2 0 0 0 33 e   1909.011837879  1909.012458515  2.904e-03  7.440e-03  2.405e-02
2 0 0 0 35 e   1936.141237879  1936.141858515  2.904e-03  7.440e-03  2.405e-02
2 0 0 0 37 e   1964.843597140  1964.844098915  3.110e-03  7.440e-03  2.572e-02
2 0 0 0 41 e   2026.960976402  2026.961596007  2.905e-03  7.442e-03  2.878e-02
2 0 0 0 43 e   2060.373326402  2060.373946007  2.905e-03  7.443e-03  3.020e-02
0 0 1 0 8 e   2075.211657094  2075.211641271  1.370e-04  2.734e-03  6.140e-03
0 0 1 0 14 e   2102.358072326  2102.358699969  2.883e-03  3.096e-03  1.142e-02
0 0 1 0 20 e   2143.663002708  2143.663629142  2.883e-03  3.108e-03  1.297e-02
0 0 1 0 32 e   2268.733346447  2268.733909424  2.892e-03  6.559e-03  1.995e-02
0 0 1 0 41 e   2399.667550335  2399.668169940  2.905e-03  6.464e-03  2.997e-02
