1)  0 0 0 0 1 e >  0.00000000 bunc = 0.000e+00 sunc=0.000e+00 func = 0.000e+00
81WePeMa.12  848.527480  0.00000000  5.300e-04  0.000e+00   1 0 0 0 2 e   848.52748000 5.300e-04

2)  0 0 0 0 2 e >  0.79213466 bunc = 5.206e-17 sunc=6.640e-04 func = 1.001e-03
81WePeMa.13  848.919190  0.79213466  4.000e-04  -3.419e-14   1 0 0 0 3 e   849.71132466 7.495e-04
80MaOlSa.24  1687.965600  0.79213466  3.700e-03  7.949e-14   2 0 0 0 1 e   1688.75773466 3.890e-03

3)  0 0 0 0 3 e >  2.01093351 bunc = 1.196e-03 sunc=2.724e-03 func = 5.498e-03
90ToHoAl.44  1046.737880  2.01127058  8.000e-05  3.371e-04   0 2 0 0 4 e   1048.74915058 4.775e-03  WRONG
81WePeMa.14  849.310290  2.00250695  4.000e-04  -8.427e-03   1 0 0 0 4 e   851.31279695 1.259e-02  VERY BAD

4)  0 0 0 0 4 e >  3.56061466 bunc = 2.455e-16 sunc=2.722e-03 func = 2.823e-03
90ToHoAl.45  1047.140290  3.56061466  8.000e-05  7.949e-14   0 2 0 0 5 e   1050.70090466 3.923e-03
81WePeMa.11  846.150710  3.56061466  2.670e-03  -3.419e-14   1 0 0 0 3 e   849.71132466 7.495e-04
81WePeMa.15  849.700500  3.56061466  1.000e-03  -3.419e-14   1 0 0 0 5 e   853.26111466 4.047e-03

5)  0 0 0 0 5 e >  5.54056518 bunc = 9.590e-04 sunc=2.724e-03 func = 5.498e-03
90ToHoAl.46  1047.542800  5.54022815  8.000e-05  -3.370e-04   0 2 0 0 6 e   1053.08302815 4.775e-03  WRONG
81WePeMa.10  845.748590  5.56420695  6.700e-04  2.364e-02   1 0 0 0 4 e   851.31279695 1.259e-02  VERY BAD
81WePeMa.16  850.089800  5.54056518  2.670e-03  4.352e-14   1 0 0 0 6 e   855.63036518 6.692e-03
80MaOlSa.25  1691.082000  5.54049456  3.700e-03  -7.062e-05   2 0 0 0 6 e   1696.62249456 7.165e-03

6)  0 0 0 0 6 e >  7.91473889 bunc = 2.096e-04 sunc=2.724e-03 func = 4.776e-03
90ToHoAl.1  1042.786230  7.91467466  8.000e-05  -6.423e-05   0 2 0 0 5 e   1050.70090466 3.923e-03
90ToHoAl.47  1047.947640  7.91473835  8.000e-05  -5.420e-07   0 2 0 0 7 e   1055.86237835 5.499e-03
85JoHoKaMa.1  517.268240  7.92477556  1.000e-03  1.004e-02   0 1 0 1 5 e   525.19301556 8.964e-03  VERY BAD
80MaOlSa.26  1691.460700  7.91589835  3.700e-03  1.159e-03   2 0 0 0 7 e   1699.37659835 6.627e-03

7)  0 0 0 0 7 e >  10.68522394 bunc = 1.370e-04 sunc=2.724e-03 func = 5.498e-03
90ToHoAl.2  1042.397740  10.68528815  8.000e-05  6.420e-05   0 2 0 0 6 e   1053.08302815 4.775e-03
85JoHoKaMa.2  516.895490  10.67518727  1.000e-03  -1.004e-02   0 1 0 1 6 e   527.57067727 9.369e-03  VERY BAD
90WeScMa.4  2064.526433  10.68522394  2.335e-04  -1.261e-15   0 0 1 0 8 e   2075.21165709 6.140e-03
80MaOlSa.23  1685.937200  10.68529456  3.700e-03  7.062e-05   2 0 0 0 6 e   1696.62249456 7.165e-03

8)  0 0 0 0 8 e >  13.85185781 bunc = 2.098e-04 sunc=2.727e-03 func = 6.138e-03
90ToHoAl.3  1042.010520  13.85185835  8.000e-05  5.420e-07   0 2 0 0 7 e   1055.86237835 5.499e-03
85JoHoKaMa.28  523.239690  13.85277537  1.000e-03  9.176e-04   0 1 0 1 9 e   537.09246537 6.790e-03
80MaOlSa.22  1685.525900  13.85069835  3.700e-03  -1.159e-03   2 0 0 0 7 e   1699.37659835 6.627e-03
80MaOlSa.27  1692.210200  13.83929635  3.700e-03  -1.256e-02   2 0 0 0 9 e   1706.04949635 1.687e-02  WRONG

9)  0 0 0 0 9 e >  17.41469423 bunc = 2.884e-03 sunc=3.072e-03 func = 7.999e-03
90ToHoAl.4  1041.624650  17.41470300  8.000e-05  8.763e-06   0 2 0 0 8 e   1059.03935300 8.569e-03
90ToHoAl.48  1049.167910  17.41468343  8.000e-05  -1.080e-05   0 2 0 0 10 e   1066.58259343 8.569e-03
85JoHoKaMa.3  516.111030  17.41501246  1.000e-03  3.182e-04   0 1 0 1 8 e   533.52604246 7.386e-03
80MaOlSa.21  1685.109700  17.41469423  3.700e-03  -2.487e-14   2 0 0 0 8 e   1702.52439423 9.333e-03

10)  0 0 0 0 10 e >  21.34363489 bunc = 2.250e-02 sunc=3.072e-03 func = 2.350e-02
85JoHoKaMa.4  515.779600  21.31286537  1.000e-03  -3.077e-02   0 1 0 1 9 e   537.09246537 6.790e-03  VERY BAD
85JoHoKaMa.30  524.041500  21.37251168  1.000e-03  2.888e-02   0 1 0 1 11 e   545.41401168 7.936e-03  VERY BAD
81WePeMa.17  852.013400  21.34363489  2.540e-03  7.105e-15   1 0 0 0 11 e   873.35703489 3.254e-02
80MaOlSa.20  1684.693300  21.35619635  3.700e-03  1.256e-02   2 0 0 0 9 e   1706.04949635 1.687e-02  WRONG
80MaOlSa.28  1692.957300  21.35698482  3.700e-03  1.335e-02   2 0 0 0 11 e   1714.31428482 1.924e-02  WRONG

11)  0 0 0 0 11 e >  25.72588343 bunc = 2.884e-03 sunc=3.074e-03 func = 9.103e-03
90ToHoAl.6  1040.856710  25.72588343  8.000e-05  4.974e-14   0 2 0 0 10 e   1066.58259343 8.569e-03
90ToHoAl.50  1049.987980  25.72588464  8.000e-05  1.208e-06   0 2 0 0 12 e   1075.71386464 9.609e-03
85JoHoKaMa.31  524.443130  25.72569464  1.000e-03  -1.888e-04   0 1 0 1 12 e   550.16882464 9.660e-03
81WePeMa.18  852.397390  25.72588343  5.300e-04  4.974e-14   1 0 0 0 12 e   878.12327343 9.623e-03

12)  0 0 0 0 12 e >  30.47503475 bunc = 2.883e-03 sunc=3.072e-03 func = 8.510e-03
90ToHoAl.7  1040.474650  30.47503678  8.000e-05  2.037e-06   0 2 0 0 11 e   1070.94968678 9.048e-03
90ToHoAl.51  1050.399630  30.47503519  8.000e-05  4.452e-07   0 2 0 0 13 e   1080.87466519 9.048e-03
85JoHoKaMa.6  514.938320  30.47569168  1.000e-03  6.569e-04   0 1 0 1 11 e   545.41401168 7.936e-03
85JoHoKaMa.32  524.845040  30.47496519  1.000e-03  -6.955e-05   0 1 0 1 13 e   555.32000519 9.102e-03
81WePeMa.19  852.777520  30.47503475  4.000e-04  -3.553e-15   1 0 0 0 13 e   883.25255475 9.056e-03
80MaOlSa.19  1683.852600  30.46168482  3.700e-03  -1.335e-02   2 0 0 0 11 e   1714.31428482 1.924e-02  WRONG

13)  0 0 0 0 13 e >  35.62022585 bunc = 2.883e-03 sunc=3.076e-03 func = 1.009e-02
90ToHoAl.8  1040.093640  35.62022464  8.000e-05  -1.208e-06   0 2 0 0 12 e   1075.71386464 9.609e-03
90ToHoAl.52  1050.812590  35.62022585  8.000e-05  1.137e-13   0 2 0 0 14 e   1086.43281585 1.055e-02
85JoHoKaMa.7  514.548410  35.62041464  1.000e-03  1.888e-04   0 1 0 1 12 e   550.16882464 9.660e-03
85JoHoKaMa.33  525.247330  35.62022585  1.000e-03  0.000e+00   0 1 0 1 14 e   560.86755585 1.059e-02
81WePeMa.20  853.156550  35.62022585  1.670e-03  0.000e+00   1 0 0 0 14 e   888.77677585 1.068e-02
80MaOlSa.29  1694.049600  35.62022585  3.700e-03  1.137e-13   2 0 0 0 14 e   1729.66982585 1.118e-02

14)  0 0 0 0 14 e >  41.16082564 bunc = 2.883e-03 sunc=3.074e-03 func = 9.555e-03
90ToHoAl.9  1039.713840  41.16082519  8.000e-05  -4.452e-07   0 2 0 0 13 e   1080.87466519 9.048e-03
90ToHoAl.53  1051.226920  41.16082655  8.000e-05  9.073e-07   0 2 0 0 15 e   1092.38774655 1.004e-02
85JoHoKaMa.8  514.159110  41.16089519  1.000e-03  6.955e-05   0 1 0 1 13 e   555.32000519 9.102e-03
85JoHoKaMa.34  525.650480  41.16064655  1.000e-03  -1.791e-04   0 1 0 1 15 e   566.81112655 1.009e-02
80MaOlSa.30  1694.409400  41.16133655  3.700e-03  5.109e-04   2 0 0 0 15 e   1735.57073655 1.070e-02

15)  0 0 0 0 15 e >  47.09724585 bunc = 2.883e-03 sunc=3.078e-03 func = 1.099e-02
90ToHoAl.10  1039.335570  47.09724585  8.000e-05  1.137e-13   0 2 0 0 14 e   1086.43281585 1.055e-02
90ToHoAl.54  1051.642340  47.09724422  8.000e-05  -1.631e-06   0 2 0 0 16 e   1098.73958422 1.141e-02
85JoHoKaMa.35  526.054000  47.09747922  1.000e-03  2.334e-04   0 1 0 1 16 e   573.15147922 1.145e-02
90WeScMa.3  2055.260826  47.09724585  3.336e-04  5.654e-15   0 0 1 0 14 e   2102.35807233 1.142e-02
81WePeMa.21  853.910910  47.09724585  9.300e-04  0.000e+00   1 0 0 0 16 e   901.00815585 1.145e-02
80MaOlSa.31  1694.767200  47.09753922  3.700e-03  2.934e-04   2 0 0 0 16 e   1741.86473922 1.200e-02

16)  0 0 0 0 16 e >  53.42944745 bunc = 2.883e-03 sunc=3.076e-03 func = 1.050e-02
90ToHoAl.11  1038.958300  53.42944655  8.000e-05  -9.073e-07   0 2 0 0 15 e   1092.38774655 1.004e-02
90ToHoAl.55  1052.058980  53.42944745  8.000e-05  7.105e-15   0 2 0 0 17 e   1105.48842745 1.094e-02
85JoHoKaMa.9  513.381500  53.42962655  1.000e-03  1.791e-04   0 1 0 1 15 e   566.81112655 1.009e-02
80MaOlSa.18  1682.141800  53.42893655  3.700e-03  -5.109e-04   2 0 0 0 15 e   1735.57073655 1.070e-02

17)  0 0 0 0 17 e >  60.15713259 bunc = 2.883e-03 sunc=3.080e-03 func = 1.182e-02
90ToHoAl.12  1038.582450  60.15713422  8.000e-05  1.631e-06   0 2 0 0 16 e   1098.73958422 1.141e-02
90ToHoAl.56  1052.476930  60.15713259  8.000e-05  -5.684e-14   0 2 0 0 18 e   1112.63406259 1.221e-02
85JoHoKaMa.10  512.994580  60.15689922  1.000e-03  -2.334e-04   0 1 0 1 16 e   573.15147922 1.145e-02
80MaOlSa.17  1681.707900  60.15683922  3.700e-03  -2.934e-04   2 0 0 0 16 e   1741.86473922 1.200e-02

18)  0 0 0 0 18 e >  67.28054745 bunc = 2.883e-03 sunc=3.078e-03 func = 1.137e-02
90ToHoAl.13  1038.207880  67.28054745  8.000e-05  0.000e+00   0 2 0 0 17 e   1105.48842745 1.094e-02
90ToHoAl.57  1052.896110  67.28054745  8.000e-05  0.000e+00   0 2 0 0 19 e   1120.17665745 1.177e-02
80MaOlSa.16  1681.270100  67.28054745  3.700e-03  0.000e+00   2 0 0 0 17 e   1748.55064745 1.234e-02

19)  0 0 0 0 19 e >  74.79966259 bunc = 2.883e-03 sunc=3.082e-03 func = 1.260e-02
90ToHoAl.14  1037.834400  74.79966259  8.000e-05  -5.684e-14   0 2 0 0 18 e   1112.63406259 1.221e-02
90ToHoAl.58  1053.316410  74.79966259  8.000e-05  1.370e-09   0 2 0 0 20 e   1128.11607259 1.297e-02
85JoHoKaMa.12  512.219630  74.79966259  1.000e-03  5.684e-14   0 1 0 1 18 e   587.01929259 1.301e-02
85JoHoKaMa.37  527.672510  74.79960759  1.000e-03  -5.500e-05   0 1 0 1 20 e   602.47211759 1.301e-02
90WeScMa.5  2068.863340  74.79966259  4.003e-04  -1.227e-13   0 0 1 0 20 e   2143.66300271 1.297e-02
80MaOlSa.15  1680.832400  74.79966259  3.700e-03  -5.684e-14   2 0 0 0 18 e   1755.63206259 1.349e-02
80MaOlSa.32  1696.171200  74.80041259  3.700e-03  7.500e-04   2 0 0 0 20 e   1770.97161259 1.349e-02

20)  0 0 0 0 20 e >  82.71423745 bunc = 2.883e-03 sunc=3.080e-03 func = 1.217e-02
90ToHoAl.15  1037.462420  82.71423745  8.000e-05  0.000e+00   0 2 0 0 19 e   1120.17665745 1.177e-02
90ToHoAl.59  1053.738160  82.71423771  8.000e-05  2.536e-07   0 2 0 0 21 e   1136.45239771 1.255e-02
85JoHoKaMa.13  511.833100  82.71423745  1.000e-03  -5.684e-14   0 1 0 1 19 e   594.54733745 1.259e-02
85JoHoKaMa.38  528.078290  82.71411271  1.000e-03  -1.247e-04   0 1 0 1 21 e   610.79240271 1.259e-02
80MaOlSa.33  1696.516600  82.71540271  3.700e-03  1.165e-03   2 0 0 0 21 e   1779.23200271 1.309e-02

21)  0 0 0 0 21 e >  91.02436259 bunc = 2.883e-03 sunc=3.084e-03 func = 1.333e-02
90ToHoAl.16  1037.091710  91.02436259  8.000e-05  -1.370e-09   0 2 0 0 20 e   1128.11607259 1.297e-02
85JoHoKaMa.14  511.447700  91.02441759  1.000e-03  5.500e-05   0 1 0 1 20 e   602.47211759 1.301e-02
85JoHoKaMa.39  528.484540  91.02427376  1.000e-03  -8.884e-05   0 1 0 1 22 e   619.50881376 1.372e-02
80MaOlSa.14  1679.948000  91.02361259  3.700e-03  -7.500e-04   2 0 0 0 20 e   1770.97161259 1.349e-02
80MaOlSa.34  1696.859000  91.02557876  3.700e-03  1.216e-03   2 0 0 0 22 e   1787.88457876 1.417e-02

22)  0 0 0 0 22 e >  99.73006796 bunc = 2.883e-03 sunc=3.082e-03 func = 1.293e-02
90ToHoAl.17  1036.722330  99.73006771  8.000e-05  -2.536e-07   0 2 0 0 21 e   1136.45239771 1.255e-02
85JoHoKaMa.15  511.062210  99.73019271  1.000e-03  1.247e-04   0 1 0 1 21 e   610.79240271 1.259e-02
85JoHoKaMa.40  528.891390  99.73006796  1.000e-03  -1.421e-14   0 1 0 1 23 e   628.62145796 1.333e-02
80MaOlSa.13  1679.503100  99.72890271  3.700e-03  -1.165e-03   2 0 0 0 21 e   1779.23200271 1.309e-02
80MaOlSa.35  1697.202600  99.73006796  3.700e-03  9.948e-14   2 0 0 0 23 e   1796.93266796 1.380e-02

23)  0 0 0 0 23 e >  108.83149492 bunc = 2.898e-03 sunc=3.393e-03 func = 1.413e-02
90ToHoAl.18  1036.353930  108.83149492  8.000e-05  0.000e+00   0 2 0 0 22 e   1145.18542492 1.453e-02
90ToHoAl.60  1055.010500  108.83149492  8.000e-05  0.000e+00   0 2 0 0 24 e   1163.84199492 1.453e-02
85JoHoKaMa.16  510.677230  108.83158376  1.000e-03  8.884e-05   0 1 0 1 22 e   619.50881376 1.372e-02
85JoHoKaMa.41  529.298110  108.83149492  1.000e-03  0.000e+00   0 1 0 1 24 e   638.12960492 1.457e-02
81WePeMa.9  838.339200  108.83149492  1.600e-03  0.000e+00   1 0 0 0 22 e   947.17069492 1.462e-02
80MaOlSa.12  1679.054300  108.83027876  3.700e-03  -1.216e-03   2 0 0 0 22 e   1787.88457876 1.417e-02

24)  0 0 0 0 24 e >  118.32841796 bunc = 2.883e-03 sunc=3.391e-03 func = 1.375e-02
90ToHoAl.19  1035.986920  118.32841796  8.000e-05  9.948e-14   0 2 0 0 23 e   1154.31533796 1.416e-02
90ToHoAl.61  1055.437030  118.32841734  8.000e-05  -6.238e-07   0 2 0 0 25 e   1173.76544734 1.416e-02
85JoHoKaMa.17  510.293040  118.32841796  1.000e-03  -1.421e-14   0 1 0 1 23 e   628.62145796 1.333e-02
80MaOlSa.36  1697.874000  118.32975234  3.700e-03  1.334e-03   2 0 0 0 25 e   1816.20375234 1.464e-02

25)  0 0 0 0 25 e >  128.22041492 bunc = 2.898e-03 sunc=3.676e-03 func = 1.503e-02
90ToHoAl.62  1055.865040  128.22041603  8.000e-05  1.113e-06   0 2 0 0 26 e   1184.08545603 1.547e-02
85JoHoKaMa.18  509.909190  128.22041492  1.000e-03  0.000e+00   0 1 0 1 24 e   638.12960492 1.457e-02
85JoHoKaMa.42  530.114060  128.22024103  1.000e-03  -1.739e-04   0 1 0 1 26 e   658.33430103 1.550e-02

26)  0 0 0 0 26 e >  138.50848671 bunc = 2.883e-03 sunc=3.393e-03 func = 1.457e-02
90ToHoAl.20  1035.256960  138.50848734  8.000e-05  6.238e-07   0 2 0 0 25 e   1173.76544734 1.416e-02
85JoHoKaMa.19  509.525770  138.50848671  1.000e-03  -5.684e-14   0 1 0 1 25 e   648.03425671 1.499e-02
85JoHoKaMa.43  530.522930  138.50848671  1.000e-03  0.000e+00   0 1 0 1 27 e   669.03141671 1.499e-02
80MaOlSa.11  1677.696600  138.50715234  3.700e-03  -1.334e-03   2 0 0 0 25 e   1816.20375234 1.464e-02
80MaOlSa.37  1698.538200  138.50848671  3.700e-03  -1.137e-13   2 0 0 0 27 e   1837.04668671 1.541e-02

27)  0 0 0 0 27 e >  149.19113715 bunc = 2.897e-03 sunc=3.678e-03 func = 1.590e-02
90ToHoAl.21  1034.894320  149.19113603  8.000e-05  -1.113e-06   0 2 0 0 26 e   1184.08545603 1.547e-02
85JoHoKaMa.20  509.142990  149.19131103  1.000e-03  1.739e-04   0 1 0 1 26 e   658.33430103 1.550e-02
85JoHoKaMa.44  530.931380  149.19110379  1.000e-03  -3.336e-05   0 1 0 1 28 e   680.12248379 1.635e-02
80MaOlSa.10  1677.240600  149.19113715  3.700e-03  0.000e+00   2 0 0 0 26 e   1826.43173715 1.673e-02
80MaOlSa.38  1698.867100  149.19159379  3.700e-03  4.566e-04   2 0 0 0 28 e   1848.05869379 1.673e-02

28)  0 0 0 0 28 e >  160.26758671 bunc = 2.883e-03 sunc=6.236e-03 func = 1.662e-02
90ToHoAl.22  1034.532350  160.26758671  8.000e-05  -1.137e-13   0 2 0 0 27 e   1194.79993671 1.775e-02
85JoHoKaMa.45  531.341240  160.26758671  1.000e-03  0.000e+00   0 1 0 1 29 e   691.60882671 1.778e-02
81WePeMa.7  858.730370  160.26758671  1.000e-04  0.000e+00   1 0 0 0 29 e   1018.99795671 1.775e-02
80MaOlSa.9  1676.779100  160.26758671  3.700e-03  -1.137e-13   2 0 0 0 27 e   1837.04668671 1.541e-02

29)  0 0 0 0 29 e >  171.74365043 bunc = 2.892e-03 sunc=3.940e-03 func = 1.682e-02
90ToHoAl.23  1034.171950  171.74365043  8.000e-05  -8.527e-14   0 2 0 0 28 e   1205.91560043 1.727e-02
85JoHoKaMa.21  508.378800  171.74368379  1.000e-03  3.336e-05   0 1 0 1 28 e   680.12248379 1.635e-02
81WePeMa.22  859.059800  171.74365043  2.670e-03  -8.527e-14   1 0 0 0 30 e   1030.80345043 1.748e-02
80MaOlSa.8  1676.315500  171.74319379  3.700e-03  -4.566e-04   2 0 0 0 28 e   1848.05869379 1.673e-02
80MaOlSa.39  1699.517700  171.74365043  3.700e-03  -8.527e-14   2 0 0 0 30 e   1871.26135043 1.767e-02

30)  0 0 0 0 30 e >  183.61147671 bunc = 2.883e-03 sunc=6.395e-03 func = 1.889e-02
90ToHoAl.24  1033.812820  183.61147671  8.000e-05  0.000e+00   0 2 0 0 29 e   1217.42429671 1.995e-02
85JoHoKaMa.22  507.997350  183.61147671  1.000e-03  0.000e+00   0 1 0 1 29 e   691.60882671 1.778e-02
85JoHoKaMa.46  532.161280  183.61121730  1.000e-03  -2.594e-04   0 1 0 1 31 e   715.77249730 1.997e-02
81WePeMa.23  859.417980  183.61149396  4.000e-04  1.725e-05   1 0 0 0 31 e   1043.02947396 1.995e-02
80MaOlSa.40  1699.837800  183.61355230  3.700e-03  2.076e-03   2 0 0 0 31 e   1883.45135230 2.029e-02

31)  0 0 0 0 31 e >  195.87675043 bunc = 2.892e-03 sunc=6.550e-03 func = 1.884e-02
90ToHoAl.25  1033.455170  195.87677867  8.000e-05  2.824e-05   0 2 0 0 30 e   1229.33194867 1.995e-02
85JoHoKaMa.23  507.616910  195.87675043  1.000e-03  -2.842e-14   0 1 0 1 30 e   703.49366043 1.997e-02
90WeScMa.6  2072.856596  195.87675043  3.336e-04  3.031e-14   0 0 1 0 32 e   2268.73334645 1.995e-02
80MaOlSa.7  1675.384600  195.87675043  3.700e-03  -8.527e-14   2 0 0 0 30 e   1871.26135043 1.767e-02
79WePeMa.1  1033.455218  195.87673080  6.671e-05  -1.964e-05   0 2 0 0 30 e   1229.33194867 1.995e-02

32)  0 0 0 0 32 e >  208.53562788 bunc = 2.904e-03 sunc=6.453e-03 func = 2.097e-02
90ToHoAl.26  1033.098710  208.53562788  8.000e-05  -5.684e-14   0 2 0 0 31 e   1241.63433788 2.194e-02
90ToHoAl.63  1058.896090  208.53562788  8.000e-05  -5.684e-14   0 2 0 0 33 e   1267.43171788 2.194e-02
85JoHoKaMa.24  507.236610  208.53588730  1.000e-03  2.594e-04   0 1 0 1 31 e   715.77249730 1.997e-02
81WePeMa.8  834.493910  208.53556396  7.700e-04  -6.392e-05   1 0 0 0 31 e   1043.02947396 1.995e-02
81WePeMa.24  860.131810  208.53562788  4.000e-04  5.684e-14   1 0 0 0 33 e   1068.66743788 2.194e-02
80MaOlSa.6  1674.917800  208.53355230  3.700e-03  -2.076e-03   2 0 0 0 31 e   1883.45135230 2.029e-02

33)  0 0 0 0 34 e >  235.04183788 bunc = 2.904e-03 sunc=6.454e-03 func = 2.287e-02
90ToHoAl.28  1032.389880  235.04183788  8.000e-05  -5.684e-14   0 2 0 0 33 e   1267.43171788 2.194e-02
90ToHoAl.65  1059.773480  235.04183788  8.000e-05  -5.684e-14   0 2 0 0 35 e   1294.81531788 2.376e-02
85JoHoKaMa.26  506.477790  235.04183788  1.000e-03  -5.684e-14   0 1 0 1 33 e   741.51962788 2.378e-02
85JoHoKaMa.48  533.807250  235.04183788  1.000e-03  -5.684e-14   0 1 0 1 35 e   768.84908788 2.378e-02
81WePeMa.26  860.840700  235.04183788  1.670e-03  -5.684e-14   1 0 0 0 35 e   1095.88253788 2.382e-02
80MaOlSa.4  1673.970000  235.04183788  3.700e-03  -5.684e-14   2 0 0 0 33 e   1909.01183788 2.405e-02
80MaOlSa.41  1701.099400  235.04183788  3.700e-03  -5.684e-14   2 0 0 0 35 e   1936.14123788 2.405e-02

34)  0 0 0 0 36 e >  263.12871788 bunc = 2.904e-03 sunc=6.455e-03 func = 2.462e-02
90ToHoAl.29  1031.686600  263.12871788  8.000e-05  -5.684e-14   0 2 0 0 35 e   1294.81531788 2.376e-02
90ToHoAl.67  1060.656080  263.12871714  8.000e-05  -7.383e-07   0 2 0 0 37 e   1323.78479714 2.546e-02
85JoHoKaMa.50  534.632780  263.12871788  1.000e-03  -5.684e-14   0 1 0 1 37 e   797.76149788 2.548e-02
80MaOlSa.43  1701.713300  263.13029714  3.700e-03  1.579e-03   2 0 0 0 37 e   1964.84359714 2.572e-02

35)  0 0 0 0 38 e >  292.79587640 bunc = 2.905e-03 sunc=6.456e-03 func = 2.626e-02
90ToHoAl.31  1030.988920  292.79587714  8.000e-05  7.383e-07   0 2 0 0 37 e   1323.78479714 2.546e-02
90ToHoAl.69  1061.544130  292.79587640  8.000e-05  -5.684e-14   0 2 0 0 39 e   1354.34000640 2.704e-02
85JoHoKaMa.52  535.460420  292.79587640  1.000e-03  -5.684e-14   0 1 0 1 39 e   828.25629640 2.706e-02
81WePeMa.5  862.273710  292.79587640  7.000e-05  5.684e-14   1 0 0 0 39 e   1155.06958640 2.704e-02
80MaOlSa.2  1672.049300  292.79429714  3.700e-03  -1.579e-03   2 0 0 0 37 e   1964.84359714 2.572e-02

36)  0 0 0 0 40 e >  324.04337640 bunc = 2.905e-03 sunc=6.457e-03 func = 2.780e-02
90ToHoAl.33  1030.296630  324.04337640  8.000e-05  -5.684e-14   0 2 0 0 39 e   1354.34000640 2.704e-02
90ToHoAl.71  1062.436910  324.04337640  8.000e-05  -5.684e-14   0 2 0 0 41 e   1386.48028640 2.854e-02
85JoHoKaMa.54  536.289240  324.04337640  1.000e-03  -5.684e-14   0 1 0 1 41 e   860.33261640 2.856e-02
80MaOlSa.46  1702.917600  324.04337640  3.700e-03  -5.684e-14   2 0 0 0 41 e   2026.96097640 2.878e-02

37)  0 0 0 0 42 e >  356.87052640 bunc = 2.905e-03 sunc=6.458e-03 func = 2.927e-02
90ToHoAl.35  1029.609760  356.87052640  8.000e-05  -5.684e-14   0 2 0 0 41 e   1386.48028640 2.854e-02
90ToHoAl.73  1063.335690  356.87052640  8.000e-05  -5.684e-14   0 2 0 0 43 e   1420.20621640 2.997e-02
85JoHoKaMa.56  537.120240  356.87052640  1.000e-03  -5.684e-14   0 1 0 1 43 e   893.99076640 2.999e-02
90WeScMa.2  2042.797024  356.87052640  2.669e-04  -1.127e-13   0 0 1 0 41 e   2399.66755034 2.997e-02
80MaOlSa.48  1703.502800  356.87052640  3.700e-03  1.705e-13   2 0 0 0 43 e   2060.37332640 3.020e-02

38)  0 1 0 1 1 e >  519.67844812 bunc = 7.586e-03 sunc=2.902e-03 func = 1.762e-02
67MoMa.4  0.792564  519.67844812  1.334e-06  -1.700e-14   0 1 0 1 2 e   520.47101242 1.591e-02

39)  0 1 0 1 2 e >  520.47101242 bunc = 7.586e-03 sunc=2.902e-03 func = 1.591e-02
67MoMa.4  0.792564  520.47101242  1.334e-06  1.700e-14   0 1 0 1 1 e   519.67844812 1.762e-02
67MoMa.8  1.188844  520.47101242  2.001e-06  1.545e-14   0 1 0 1 3 e   521.65985687 1.398e-02

40)  0 1 0 1 3 e >  521.65985687 bunc = 7.586e-03 sunc=2.902e-03 func = 1.398e-02
84TaItTa.1  1.585121  521.65985687  1.668e-06  -8.161e-14   0 1 0 1 4 e   523.24497823 1.174e-02
67MoMa.8  1.188844  521.65985687  2.001e-06  -1.545e-14   0 1 0 1 2 e   520.47101242 1.591e-02

41)  0 1 0 1 4 e >  523.24497823 bunc = 7.586e-03 sunc=2.902e-03 func = 1.174e-02
84TaItTa.1  1.585121  523.24497823  1.668e-06  8.161e-14   0 1 0 1 3 e   521.65985687 1.398e-02
84TaItTa.3  1.948037  523.24497823  1.668e-06  6.890e-14   0 1 0 1 5 e   525.19301556 8.964e-03

42)  0 1 0 1 5 e >  525.19301556 bunc = 7.586e-03 sunc=2.902e-03 func = 8.964e-03
85JoHoKaMa.1  517.268240  525.18297889  1.000e-03  -1.004e-02   0 0 0 0 6 e   7.91473889 4.776e-03  VERY BAD
84TaItTa.3  1.948037  525.19301556  1.668e-06  -6.890e-14   0 1 0 1 4 e   523.24497823 1.174e-02
84TaItTa.5  2.377662  525.19301559  1.668e-06  2.792e-08   0 1 0 1 6 e   527.57067727 9.369e-03

43)  0 1 0 1 6 e >  527.57067727 bunc = 7.586e-03 sunc=2.902e-03 func = 9.369e-03
85JoHoKaMa.2  516.895490  527.58071394  1.000e-03  1.004e-02   0 0 0 0 7 e   10.68522394 5.498e-03  VERY BAD
84TaItTa.5  2.377662  527.57067725  1.668e-06  -2.792e-08   0 1 0 1 5 e   525.19301556 8.964e-03

44)  0 1 0 1 8 e >  533.52604246 bunc = 2.901e-03 sunc=2.904e-03 func = 7.386e-03
85JoHoKaMa.3  516.111030  533.52572423  1.000e-03  -3.182e-04   0 0 0 0 9 e   17.41469423 7.999e-03
84TaItTa.7  3.566423  533.52604247  1.668e-06  8.852e-10   0 1 0 1 9 e   537.09246537 6.790e-03

45)  0 1 0 1 9 e >  537.09246537 bunc = 2.901e-03 sunc=2.904e-03 func = 6.790e-03
85JoHoKaMa.4  515.779600  537.12323489  1.000e-03  3.077e-02   0 0 0 0 10 e   21.34363489 2.350e-02  VERY BAD
85JoHoKaMa.28  523.239690  537.09154781  1.000e-03  -9.176e-04   0 0 0 0 8 e   13.85185781 6.138e-03
84TaItTa.7  3.566423  537.09246537  1.668e-06  -8.852e-10   0 1 0 1 8 e   533.52604246 7.386e-03
84TaItTa.9  3.962660  537.09246529  1.668e-06  -8.215e-08   0 1 0 1 10 e   541.05512569 7.386e-03

46)  0 1 0 1 10 e >  541.05512569 bunc = 2.901e-03 sunc=2.904e-03 func = 7.386e-03
84TaItTa.9  3.962660  541.05512577  1.668e-06  8.215e-08   0 1 0 1 9 e   537.09246537 6.790e-03
84TaItTa.11  4.358886  541.05512560  1.668e-06  -8.215e-08   0 1 0 1 11 e   545.41401168 7.936e-03

47)  0 1 0 1 11 e >  545.41401168 bunc = 2.901e-03 sunc=2.904e-03 func = 7.936e-03
85JoHoKaMa.6  514.938320  545.41335475  1.000e-03  -6.569e-04   0 0 0 0 12 e   30.47503475 8.510e-03
85JoHoKaMa.30  524.041500  545.38513489  1.000e-03  -2.888e-02   0 0 0 0 10 e   21.34363489 2.350e-02  VERY BAD
84TaItTa.11  4.358886  545.41401176  1.668e-06  8.215e-08   0 1 0 1 10 e   541.05512569 7.386e-03
83WePeMa.6  845.775813  545.41401168  6.671e-07  1.607e-14   1 1 0 1 12 e   1391.18982502 8.451e-03

48)  0 1 0 1 12 e >  550.16882464 bunc = 2.876e-03 sunc=3.232e-03 func = 9.660e-03
85JoHoKaMa.7  514.548410  550.16863585  1.000e-03  -1.888e-04   0 0 0 0 13 e   35.62022585 1.009e-02
85JoHoKaMa.31  524.443130  550.16901343  1.000e-03  1.888e-04   0 0 0 0 11 e   25.72588343 9.103e-03

49)  0 1 0 1 13 e >  555.32000519 bunc = 2.872e-03 sunc=3.230e-03 func = 9.102e-03
85JoHoKaMa.8  514.159110  555.31993564  1.000e-03  -6.955e-05   0 0 0 0 14 e   41.16082564 9.555e-03
85JoHoKaMa.32  524.845040  555.32007475  1.000e-03  6.955e-05   0 0 0 0 12 e   30.47503475 8.510e-03

50)  0 1 0 1 14 e >  560.86755585 bunc = 2.883e-03 sunc=3.234e-03 func = 1.059e-02
85JoHoKaMa.33  525.247330  560.86755585  1.000e-03  0.000e+00   0 0 0 0 13 e   35.62022585 1.009e-02

51)  0 1 0 1 15 e >  566.81112655 bunc = 2.893e-03 sunc=3.232e-03 func = 1.009e-02
85JoHoKaMa.9  513.381500  566.81094745  1.000e-03  -1.791e-04   0 0 0 0 16 e   53.42944745 1.050e-02
85JoHoKaMa.34  525.650480  566.81130564  1.000e-03  1.791e-04   0 0 0 0 14 e   41.16082564 9.555e-03

52)  0 1 0 1 16 e >  573.15147922 bunc = 2.882e-03 sunc=3.236e-03 func = 1.145e-02
85JoHoKaMa.10  512.994580  573.15171259  1.000e-03  2.334e-04   0 0 0 0 17 e   60.15713259 1.182e-02
85JoHoKaMa.35  526.054000  573.15124585  1.000e-03  -2.334e-04   0 0 0 0 15 e   47.09724585 1.099e-02

53)  0 1 0 1 18 e >  587.01929259 bunc = 2.883e-03 sunc=3.240e-03 func = 1.301e-02
85JoHoKaMa.12  512.219630  587.01929259  1.000e-03  -5.684e-14   0 0 0 0 19 e   74.79966259 1.260e-02
83WePeMa.7  848.425813  587.01929259  6.671e-07  -8.272e-14   1 1 0 1 19 e   1435.44510589 1.340e-02

54)  0 1 0 1 19 e >  594.54733745 bunc = 2.883e-03 sunc=3.238e-03 func = 1.259e-02
85JoHoKaMa.13  511.833100  594.54733745  1.000e-03  5.684e-14   0 0 0 0 20 e   82.71423745 1.217e-02
83WePeMa.8  848.799805  594.54733745  2.402e-06  -4.395e-14   1 1 0 1 20 e   1443.34714282 1.300e-02

55)  0 1 0 1 20 e >  602.47211759 bunc = 2.883e-03 sunc=3.240e-03 func = 1.301e-02
85JoHoKaMa.14  511.447700  602.47206259  1.000e-03  -5.500e-05   0 0 0 0 21 e   91.02436259 1.333e-02
85JoHoKaMa.37  527.672510  602.47217259  1.000e-03  5.500e-05   0 0 0 0 19 e   74.79966259 1.260e-02

56)  0 1 0 1 21 e >  610.79240271 bunc = 2.873e-03 sunc=3.238e-03 func = 1.259e-02
85JoHoKaMa.15  511.062210  610.79227796  1.000e-03  -1.247e-04   0 0 0 0 22 e   99.73006796 1.293e-02
85JoHoKaMa.38  528.078290  610.79252745  1.000e-03  1.247e-04   0 0 0 0 20 e   82.71423745 1.217e-02

57)  0 1 0 1 22 e >  619.50881376 bunc = 2.888e-03 sunc=3.242e-03 func = 1.372e-02
85JoHoKaMa.16  510.677230  619.50872492  1.000e-03  -8.884e-05   0 0 0 0 23 e   108.83149492 1.413e-02
85JoHoKaMa.39  528.484540  619.50890259  1.000e-03  8.884e-05   0 0 0 0 21 e   91.02436259 1.333e-02
83WePeMa.9  849.915711  619.50881376  1.001e-06  -1.306e-13   1 1 0 1 23 e   1469.42452444 1.410e-02

58)  0 1 0 1 23 e >  628.62145796 bunc = 2.883e-03 sunc=3.240e-03 func = 1.333e-02
85JoHoKaMa.17  510.293040  628.62145796  1.000e-03  1.421e-14   0 0 0 0 24 e   118.32841796 1.375e-02
85JoHoKaMa.40  528.891390  628.62145796  1.000e-03  1.421e-14   0 0 0 0 22 e   99.73006796 1.293e-02

59)  0 1 0 1 24 e >  638.12960492 bunc = 2.898e-03 sunc=3.537e-03 func = 1.457e-02
85JoHoKaMa.18  509.909190  638.12960492  1.000e-03  0.000e+00   0 0 0 0 25 e   128.22041492 1.503e-02
85JoHoKaMa.41  529.298110  638.12960492  1.000e-03  0.000e+00   0 0 0 0 23 e   108.83149492 1.413e-02

60)  0 1 0 1 25 e >  648.03425671 bunc = 2.883e-03 sunc=3.537e-03 func = 1.499e-02
85JoHoKaMa.19  509.525770  648.03425671  1.000e-03  5.684e-14   0 0 0 0 26 e   138.50848671 1.457e-02

61)  0 1 0 1 26 e >  658.33430103 bunc = 2.903e-03 sunc=3.809e-03 func = 1.550e-02
85JoHoKaMa.20  509.142990  658.33412715  1.000e-03  -1.739e-04   0 0 0 0 27 e   149.19113715 1.590e-02
85JoHoKaMa.42  530.114060  658.33447492  1.000e-03  1.739e-04   0 0 0 0 25 e   128.22041492 1.503e-02

62)  0 1 0 1 27 e >  669.03141671 bunc = 2.883e-03 sunc=3.537e-03 func = 1.499e-02
85JoHoKaMa.43  530.522930  669.03141671  1.000e-03  0.000e+00   0 0 0 0 26 e   138.50848671 1.457e-02

63)  0 1 0 1 28 e >  680.12248379 bunc = 2.902e-03 sunc=3.811e-03 func = 1.635e-02
85JoHoKaMa.21  508.378800  680.12245043  1.000e-03  -3.336e-05   0 0 0 0 29 e   171.74365043 1.682e-02
85JoHoKaMa.44  530.931380  680.12251715  1.000e-03  3.336e-05   0 0 0 0 27 e   149.19113715 1.590e-02
83WePeMa.10  852.113998  680.12248379  2.001e-06  6.842e-14   1 1 0 1 29 e   1532.23648194 1.679e-02

64)  0 1 0 1 29 e >  691.60882671 bunc = 2.883e-03 sunc=6.316e-03 func = 1.778e-02
85JoHoKaMa.22  507.997350  691.60882671  1.000e-03  0.000e+00   0 0 0 0 30 e   183.61147671 1.889e-02
85JoHoKaMa.45  531.341240  691.60882671  1.000e-03  0.000e+00   0 0 0 0 28 e   160.26758671 1.662e-02

65)  0 1 0 1 30 e >  703.49366043 bunc = 2.892e-03 sunc=6.626e-03 func = 1.997e-02
85JoHoKaMa.23  507.616910  703.49366043  1.000e-03  2.842e-14   0 0 0 0 31 e   195.87675043 1.884e-02

66)  0 1 0 1 31 e >  715.77249730 bunc = 2.882e-03 sunc=6.472e-03 func = 1.997e-02
85JoHoKaMa.24  507.236610  715.77223788  1.000e-03  -2.594e-04   0 0 0 0 32 e   208.53562788 2.097e-02
85JoHoKaMa.46  532.161280  715.77275671  1.000e-03  2.594e-04   0 0 0 0 30 e   183.61147671 1.889e-02

67)  0 1 0 1 33 e >  741.51962788 bunc = 2.904e-03 sunc=6.531e-03 func = 2.378e-02
85JoHoKaMa.26  506.477790  741.51962788  1.000e-03  5.684e-14   0 0 0 0 34 e   235.04183788 2.287e-02

68)  0 1 0 1 35 e >  768.84908788 bunc = 2.904e-03 sunc=6.531e-03 func = 2.378e-02
85JoHoKaMa.48  533.807250  768.84908788  1.000e-03  5.684e-14   0 0 0 0 34 e   235.04183788 2.287e-02

69)  0 1 0 1 37 e >  797.76149788 bunc = 2.904e-03 sunc=6.532e-03 func = 2.548e-02
85JoHoKaMa.50  534.632780  797.76149788  1.000e-03  5.684e-14   0 0 0 0 36 e   263.12871788 2.462e-02

70)  0 1 0 1 39 e >  828.25629640 bunc = 2.905e-03 sunc=6.533e-03 func = 2.706e-02
85JoHoKaMa.52  535.460420  828.25629640  1.000e-03  5.684e-14   0 0 0 0 38 e   292.79587640 2.626e-02

71)  1 0 0 0 1 e >  847.73824867 bunc = 4.812e-14 sunc=5.300e-04 func = 7.495e-04
67MoMa.3  0.789231  847.73824867  1.334e-06  -3.592e-14   1 0 0 0 2 e   848.52748000 5.300e-04

72)  1 0 0 0 2 e >  848.52748000 bunc = 5.898e-14 sunc=5.300e-04 func = 5.300e-04
67MoMa.3  0.789231  848.52748000  1.334e-06  3.592e-14   1 0 0 0 1 e   847.73824867 7.495e-04
67MoMa.7  1.183845  848.52748000  2.001e-06  -3.420e-14   1 0 0 0 3 e   849.71132466 7.495e-04
81WePeMa.12  848.527480  848.52748000  5.300e-04  0.000e+00   0 0 0 0 1 e   0.00000000 0.000e+00

73)  1 0 0 0 3 e >  849.71132466 bunc = 6.118e-14 sunc=5.300e-04 func = 7.495e-04
67MoMa.7  1.183845  849.71132466  2.001e-06  3.420e-14   1 0 0 0 2 e   848.52748000 5.300e-04
81WePeMa.11  846.150710  849.71132466  2.670e-03  3.419e-14   0 0 0 0 4 e   3.56061466 2.823e-03
81WePeMa.13  848.919190  849.71132466  4.000e-04  3.419e-14   0 0 0 0 2 e   0.79213466 1.001e-03

74)  1 0 0 0 4 e >  851.31279695 bunc = 1.133e-02 sunc=2.754e-03 func = 1.259e-02
81WePeMa.10  845.748590  851.28915518  6.700e-04  -2.364e-02   0 0 0 0 5 e   5.54056518 5.498e-03  VERY BAD
81WePeMa.14  849.310290  851.32122351  4.000e-04  8.427e-03   0 0 0 0 3 e   2.01093351 5.498e-03  VERY BAD

75)  1 0 0 0 5 e >  853.26111466 bunc = 6.500e-14 sunc=2.900e-03 func = 4.047e-03
81WePeMa.15  849.700500  853.26111466  1.000e-03  3.419e-14   0 0 0 0 4 e   3.56061466 2.823e-03

76)  1 0 0 0 6 e >  855.63036518 bunc = 9.590e-04 sunc=3.815e-03 func = 6.692e-03
81WePeMa.16  850.089800  855.63036518  2.670e-03  -4.352e-14   0 0 0 0 5 e   5.54056518 5.498e-03

77)  0 1 0 1 41 e >  860.33261640 bunc = 2.905e-03 sunc=6.534e-03 func = 2.856e-02
85JoHoKaMa.54  536.289240  860.33261640  1.000e-03  5.684e-14   0 0 0 0 40 e   324.04337640 2.780e-02

78)  1 0 0 0 11 e >  873.35703489 bunc = 2.250e-02 sunc=3.986e-03 func = 3.254e-02
81WePeMa.17  852.013400  873.35703489  2.540e-03  -7.105e-15   0 0 0 0 10 e   21.34363489 2.350e-02

79)  1 0 0 0 12 e >  878.12327343 bunc = 2.884e-03 sunc=3.119e-03 func = 9.623e-03
83WePeMa.1  846.038795  878.12327343  1.735e-06  -5.052e-14   2 0 0 0 13 e   1724.16206871 1.012e-02
81WePeMa.18  852.397390  878.12327343  5.300e-04  -4.974e-14   0 0 0 0 11 e   25.72588343 9.103e-03

80)  1 0 0 0 13 e >  883.25255475 bunc = 2.883e-03 sunc=3.098e-03 func = 9.056e-03
81WePeMa.19  852.777520  883.25255475  4.000e-04  3.553e-15   0 0 0 0 12 e   30.47503475 8.510e-03

81)  1 0 0 0 14 e >  888.77677585 bunc = 2.883e-03 sunc=3.500e-03 func = 1.068e-02
81WePeMa.20  853.156550  888.77677585  1.670e-03  0.000e+00   0 0 0 0 13 e   35.62022585 1.009e-02

82)  0 1 0 1 43 e >  893.99076640 bunc = 2.905e-03 sunc=6.535e-03 func = 2.999e-02
85JoHoKaMa.56  537.120240  893.99076640  1.000e-03  5.684e-14   0 0 0 0 42 e   356.87052640 2.927e-02

83)  1 0 0 0 16 e >  901.00815585 bunc = 2.883e-03 sunc=3.215e-03 func = 1.145e-02
81WePeMa.21  853.910910  901.00815585  9.300e-04  0.000e+00   0 0 0 0 15 e   47.09724585 1.099e-02

84)  1 0 0 0 19 e >  922.31580685 bunc = 2.985e-03 sunc=4.816e-03 func = 1.432e-02
83WePeMa.2  848.655806  922.31580685  1.668e-06  6.718e-14   2 0 0 0 20 e   1770.97161259 1.349e-02

85)  1 0 0 0 20 e >  930.20760864 bunc = 3.059e-03 sunc=4.814e-03 func = 1.395e-02
83WePeMa.3  849.024394  930.20760864  1.067e-06  -3.597e-14   2 0 0 0 21 e   1779.23200271 1.309e-02

86)  1 0 0 0 21 e >  938.49186321 bunc = 2.948e-03 sunc=4.817e-03 func = 1.497e-02
83WePeMa.4  849.392716  938.49186321  6.671e-07  -4.360e-15   2 0 0 0 22 e   1787.88457876 1.417e-02

87)  1 0 0 0 22 e >  947.17069492 bunc = 2.898e-03 sunc=3.751e-03 func = 1.462e-02
81WePeMa.9  838.339200  947.17069492  1.600e-03  0.000e+00   0 0 0 0 23 e   108.83149492 1.413e-02

88)  1 0 0 0 29 e >  1018.99795671 bunc = 2.883e-03 sunc=6.237e-03 func = 1.775e-02
81WePeMa.7  858.730370  1018.99795671  1.000e-04  0.000e+00   0 0 0 0 28 e   160.26758671 1.662e-02

89)  1 0 0 0 30 e >  1030.80345043 bunc = 2.892e-03 sunc=4.760e-03 func = 1.748e-02
81WePeMa.22  859.059800  1030.80345043  2.670e-03  8.527e-14   0 0 0 0 29 e   171.74365043 1.682e-02

90)  1 0 0 0 31 e >  1043.02947396 bunc = 2.886e-03 sunc=6.407e-03 func = 1.995e-02
81WePeMa.8  834.493910  1043.02953788  7.700e-04  6.392e-05   0 0 0 0 32 e   208.53562788 2.097e-02
81WePeMa.23  859.417980  1043.02945671  4.000e-04  -1.725e-05   0 0 0 0 30 e   183.61147671 1.889e-02

91)  0 2 0 0 1 e >  1045.17593580 bunc = 4.324e-07 sunc=2.723e-03 func = 6.712e-03
67MoMa.6  0.794048  1045.17593580  1.334e-06  -2.126e-13   0 2 0 0 2 e   1045.96998413 6.135e-03

92)  0 2 0 0 2 e >  1045.96998413 bunc = 4.324e-07 sunc=2.723e-03 func = 6.135e-03
67MoMa.6  0.794048  1045.96998413  1.334e-06  2.126e-13   0 2 0 0 1 e   1045.17593580 6.712e-03
67MoMa.10  1.191074  1045.96998413  2.001e-06  1.761e-13   0 2 0 0 3 e   1047.16105812 5.497e-03

93)  0 2 0 0 3 e >  1047.16105812 bunc = 4.324e-07 sunc=2.723e-03 func = 5.497e-03
84TaItTa.13  1.588092  1047.16105812  1.668e-06  -1.740e-13   0 2 0 0 4 e   1048.74915058 4.775e-03
67MoMa.10  1.191074  1047.16105812  2.001e-06  -1.761e-13   0 2 0 0 2 e   1045.96998413 6.135e-03

94)  0 2 0 0 4 e >  1048.74915058 bunc = 4.324e-07 sunc=2.723e-03 func = 4.775e-03
90ToHoAl.44  1046.737880  1048.74881351  8.000e-05  -3.371e-04   0 0 0 0 3 e   2.01093351 5.498e-03  WRONG
84TaItTa.13  1.588092  1048.74915058  1.668e-06  1.740e-13   0 2 0 0 3 e   1047.16105812 5.497e-03
84TaItTa.14  1.951754  1048.74915072  1.668e-06  1.465e-07   0 2 0 0 5 e   1050.70090466 3.923e-03

95)  0 2 0 0 5 e >  1050.70090466 bunc = 7.024e-14 sunc=2.723e-03 func = 3.923e-03
90ToHoAl.1  1042.786230  1050.70096889  8.000e-05  6.423e-05   0 0 0 0 6 e   7.91473889 4.776e-03
90ToHoAl.45  1047.140290  1050.70090466  8.000e-05  -7.949e-14   0 0 0 0 4 e   3.56061466 2.823e-03
84TaItTa.14  1.951754  1050.70090451  1.668e-06  -1.465e-07   0 2 0 0 4 e   1048.74915058 4.775e-03
84TaItTa.15  2.382123  1050.70090478  1.668e-06  1.186e-07   0 2 0 0 6 e   1053.08302815 4.775e-03

96)  0 2 0 0 6 e >  1053.08302815 bunc = 4.534e-07 sunc=2.723e-03 func = 4.775e-03
90ToHoAl.2  1042.397740  1053.08296394  8.000e-05  -6.420e-05   0 0 0 0 7 e   10.68522394 5.498e-03
90ToHoAl.46  1047.542800  1053.08336518  8.000e-05  3.370e-04   0 0 0 0 5 e   5.54056518 5.498e-03  WRONG
84TaItTa.15  2.382123  1053.08302803  1.668e-06  -1.186e-07   0 2 0 0 5 e   1050.70090466 3.923e-03

97)  0 2 0 0 7 e >  1055.86237835 bunc = 2.096e-04 sunc=2.726e-03 func = 5.499e-03
90ToHoAl.3  1042.010520  1055.86237781  8.000e-05  -5.420e-07   0 0 0 0 8 e   13.85185781 6.138e-03
90ToHoAl.47  1047.947640  1055.86237889  8.000e-05  5.420e-07   0 0 0 0 6 e   7.91473889 4.776e-03

98)  0 2 0 0 8 e >  1059.03935300 bunc = 2.884e-03 sunc=3.073e-03 func = 8.569e-03
90ToHoAl.4  1041.624650  1059.03934423  8.000e-05  -8.763e-06   0 0 0 0 9 e   17.41469423 7.999e-03
84TaItTa.16  3.573127  1059.03935300  1.668e-06  3.809e-09   0 2 0 0 9 e   1062.61247955 9.103e-03

99)  0 2 0 0 9 e >  1062.61247955 bunc = 2.884e-03 sunc=3.073e-03 func = 9.103e-03
84TaItTa.16  3.573127  1062.61247954  1.668e-06  -3.809e-09   0 2 0 0 8 e   1059.03935300 8.569e-03
84TaItTa.19  3.970114  1062.61247955  1.668e-06  3.808e-09   0 2 0 0 10 e   1066.58259343 8.569e-03

100)  0 2 0 0 10 e >  1066.58259343 bunc = 2.884e-03 sunc=3.073e-03 func = 8.569e-03
90ToHoAl.6  1040.856710  1066.58259343  8.000e-05  -4.974e-14   0 0 0 0 11 e   25.72588343 9.103e-03
90ToHoAl.48  1049.167910  1066.58260423  8.000e-05  1.080e-05   0 0 0 0 9 e   17.41469423 7.999e-03
84TaItTa.19  3.970114  1066.58259343  1.668e-06  -3.808e-09   0 2 0 0 9 e   1062.61247955 9.103e-03
84TaItTa.22  4.367093  1066.58259343  1.668e-06  -8.853e-10   0 2 0 0 11 e   1070.94968678 9.048e-03

101)  1 0 0 0 33 e >  1068.66743788 bunc = 2.904e-03 sunc=6.466e-03 func = 2.194e-02
81WePeMa.24  860.131810  1068.66743788  4.000e-04  -5.684e-14   0 0 0 0 32 e   208.53562788 2.097e-02

102)  0 2 0 0 11 e >  1070.94968678 bunc = 2.884e-03 sunc=3.073e-03 func = 9.048e-03
90ToHoAl.7  1040.474650  1070.94968475  8.000e-05  -2.037e-06   0 0 0 0 12 e   30.47503475 8.510e-03
84TaItTa.22  4.367093  1070.94968679  1.668e-06  8.853e-10   0 2 0 0 10 e   1066.58259343 8.569e-03

103)  0 2 0 0 12 e >  1075.71386464 bunc = 2.883e-03 sunc=3.075e-03 func = 9.609e-03
90ToHoAl.8  1040.093640  1075.71386585  8.000e-05  1.208e-06   0 0 0 0 13 e   35.62022585 1.009e-02
90ToHoAl.50  1049.987980  1075.71386343  8.000e-05  -1.208e-06   0 0 0 0 11 e   25.72588343 9.103e-03

104)  0 2 0 0 13 e >  1080.87466519 bunc = 2.883e-03 sunc=3.073e-03 func = 9.048e-03
90ToHoAl.9  1039.713840  1080.87466564  8.000e-05  4.452e-07   0 0 0 0 14 e   41.16082564 9.555e-03
90ToHoAl.51  1050.399630  1080.87466475  8.000e-05  -4.452e-07   0 0 0 0 12 e   30.47503475 8.510e-03

105)  0 2 0 0 14 e >  1086.43281585 bunc = 2.883e-03 sunc=3.077e-03 func = 1.055e-02
90ToHoAl.10  1039.335570  1086.43281585  8.000e-05  -1.137e-13   0 0 0 0 15 e   47.09724585 1.099e-02
90ToHoAl.52  1050.812590  1086.43281585  8.000e-05  -1.137e-13   0 0 0 0 13 e   35.62022585 1.009e-02

106)  0 2 0 0 15 e >  1092.38774655 bunc = 2.883e-03 sunc=3.075e-03 func = 1.004e-02
90ToHoAl.11  1038.958300  1092.38774745  8.000e-05  9.073e-07   0 0 0 0 16 e   53.42944745 1.050e-02
90ToHoAl.53  1051.226920  1092.38774564  8.000e-05  -9.073e-07   0 0 0 0 14 e   41.16082564 9.555e-03

107)  1 0 0 0 35 e >  1095.88253788 bunc = 2.904e-03 sunc=6.667e-03 func = 2.382e-02
81WePeMa.26  860.840700  1095.88253788  1.670e-03  5.684e-14   0 0 0 0 34 e   235.04183788 2.287e-02

108)  0 2 0 0 16 e >  1098.73958422 bunc = 2.883e-03 sunc=3.079e-03 func = 1.141e-02
90ToHoAl.12  1038.582450  1098.73958259  8.000e-05  -1.631e-06   0 0 0 0 17 e   60.15713259 1.182e-02
90ToHoAl.54  1051.642340  1098.73958585  8.000e-05  1.631e-06   0 0 0 0 15 e   47.09724585 1.099e-02

109)  0 2 0 0 17 e >  1105.48842745 bunc = 2.883e-03 sunc=3.077e-03 func = 1.094e-02
90ToHoAl.13  1038.207880  1105.48842745  8.000e-05  0.000e+00   0 0 0 0 18 e   67.28054745 1.137e-02
90ToHoAl.55  1052.058980  1105.48842745  8.000e-05  -7.105e-15   0 0 0 0 16 e   53.42944745 1.050e-02

110)  0 2 0 0 18 e >  1112.63406259 bunc = 2.883e-03 sunc=3.081e-03 func = 1.221e-02
90ToHoAl.14  1037.834400  1112.63406259  8.000e-05  5.684e-14   0 0 0 0 19 e   74.79966259 1.260e-02
90ToHoAl.56  1052.476930  1112.63406259  8.000e-05  5.684e-14   0 0 0 0 17 e   60.15713259 1.182e-02

111)  0 2 0 0 19 e >  1120.17665745 bunc = 2.883e-03 sunc=3.079e-03 func = 1.177e-02
90ToHoAl.15  1037.462420  1120.17665745  8.000e-05  0.000e+00   0 0 0 0 20 e   82.71423745 1.217e-02
90ToHoAl.57  1052.896110  1120.17665745  8.000e-05  0.000e+00   0 0 0 0 18 e   67.28054745 1.137e-02

112)  0 2 0 0 20 e >  1128.11607259 bunc = 2.883e-03 sunc=3.083e-03 func = 1.297e-02
90ToHoAl.16  1037.091710  1128.11607259  8.000e-05  1.370e-09   0 0 0 0 21 e   91.02436259 1.333e-02
90ToHoAl.58  1053.316410  1128.11607259  8.000e-05  -1.370e-09   0 0 0 0 19 e   74.79966259 1.260e-02

113)  0 2 0 0 21 e >  1136.45239771 bunc = 2.883e-03 sunc=3.081e-03 func = 1.255e-02
90ToHoAl.17  1036.722330  1136.45239796  8.000e-05  2.536e-07   0 0 0 0 22 e   99.73006796 1.293e-02
90ToHoAl.59  1053.738160  1136.45239745  8.000e-05  -2.536e-07   0 0 0 0 20 e   82.71423745 1.217e-02

114)  0 2 0 0 22 e >  1145.18542492 bunc = 2.898e-03 sunc=3.394e-03 func = 1.453e-02
90ToHoAl.18  1036.353930  1145.18542492  8.000e-05  0.000e+00   0 0 0 0 23 e   108.83149492 1.413e-02

115)  0 2 0 0 23 e >  1154.31533796 bunc = 2.883e-03 sunc=3.392e-03 func = 1.416e-02
90ToHoAl.19  1035.986920  1154.31533796  8.000e-05  -9.948e-14   0 0 0 0 24 e   118.32841796 1.375e-02

116)  1 0 0 0 39 e >  1155.06958640 bunc = 2.905e-03 sunc=6.457e-03 func = 2.704e-02
81WePeMa.5  862.273710  1155.06958640  7.000e-05  -5.684e-14   0 0 0 0 38 e   292.79587640 2.626e-02

117)  0 2 0 0 24 e >  1163.84199492 bunc = 2.898e-03 sunc=3.394e-03 func = 1.453e-02
90ToHoAl.60  1055.010500  1163.84199492  8.000e-05  0.000e+00   0 0 0 0 23 e   108.83149492 1.413e-02

118)  0 2 0 0 25 e >  1173.76544734 bunc = 2.883e-03 sunc=3.392e-03 func = 1.416e-02
90ToHoAl.20  1035.256960  1173.76544671  8.000e-05  -6.238e-07   0 0 0 0 26 e   138.50848671 1.457e-02
90ToHoAl.61  1055.437030  1173.76544796  8.000e-05  6.238e-07   0 0 0 0 24 e   118.32841796 1.375e-02

119)  0 2 0 0 26 e >  1184.08545603 bunc = 2.898e-03 sunc=3.677e-03 func = 1.547e-02
90ToHoAl.21  1034.894320  1184.08545715  8.000e-05  1.113e-06   0 0 0 0 27 e   149.19113715 1.590e-02
90ToHoAl.62  1055.865040  1184.08545492  8.000e-05  -1.113e-06   0 0 0 0 25 e   128.22041492 1.503e-02

120)  0 2 0 0 27 e >  1194.79993671 bunc = 2.883e-03 sunc=6.237e-03 func = 1.775e-02
90ToHoAl.22  1034.532350  1194.79993671  8.000e-05  1.137e-13   0 0 0 0 28 e   160.26758671 1.662e-02

121)  0 2 0 0 28 e >  1205.91560043 bunc = 2.892e-03 sunc=3.941e-03 func = 1.727e-02
90ToHoAl.23  1034.171950  1205.91560043  8.000e-05  8.527e-14   0 0 0 0 29 e   171.74365043 1.682e-02

122)  0 2 0 0 29 e >  1217.42429671 bunc = 2.883e-03 sunc=6.395e-03 func = 1.995e-02
90ToHoAl.24  1033.812820  1217.42429671  8.000e-05  0.000e+00   0 0 0 0 30 e   183.61147671 1.889e-02

123)  0 2 0 0 30 e >  1229.33194867 bunc = 2.889e-03 sunc=6.551e-03 func = 1.995e-02
90ToHoAl.25  1033.455170  1229.33192043  8.000e-05  -2.824e-05   0 0 0 0 31 e   195.87675043 1.884e-02
79WePeMa.1  1033.455218  1229.33196831  6.671e-05  1.964e-05   0 0 0 0 31 e   195.87675043 1.884e-02

124)  0 2 0 0 31 e >  1241.63433788 bunc = 2.904e-03 sunc=6.454e-03 func = 2.194e-02
90ToHoAl.26  1033.098710  1241.63433788  8.000e-05  5.684e-14   0 0 0 0 32 e   208.53562788 2.097e-02

125)  0 2 0 0 33 e >  1267.43171788 bunc = 2.904e-03 sunc=6.454e-03 func = 2.194e-02
90ToHoAl.28  1032.389880  1267.43171788  8.000e-05  5.684e-14   0 0 0 0 34 e   235.04183788 2.287e-02
90ToHoAl.63  1058.896090  1267.43171788  8.000e-05  5.684e-14   0 0 0 0 32 e   208.53562788 2.097e-02

126)  0 2 0 0 35 e >  1294.81531788 bunc = 2.904e-03 sunc=6.455e-03 func = 2.376e-02
90ToHoAl.29  1031.686600  1294.81531788  8.000e-05  5.684e-14   0 0 0 0 36 e   263.12871788 2.462e-02
90ToHoAl.65  1059.773480  1294.81531788  8.000e-05  5.684e-14   0 0 0 0 34 e   235.04183788 2.287e-02

127)  0 2 0 0 37 e >  1323.78479714 bunc = 2.905e-03 sunc=6.456e-03 func = 2.546e-02
90ToHoAl.31  1030.988920  1323.78479640  8.000e-05  -7.383e-07   0 0 0 0 38 e   292.79587640 2.626e-02
90ToHoAl.67  1060.656080  1323.78479788  8.000e-05  7.383e-07   0 0 0 0 36 e   263.12871788 2.462e-02

128)  0 2 0 0 39 e >  1354.34000640 bunc = 2.905e-03 sunc=6.457e-03 func = 2.704e-02
90ToHoAl.33  1030.296630  1354.34000640  8.000e-05  5.684e-14   0 0 0 0 40 e   324.04337640 2.780e-02
90ToHoAl.69  1061.544130  1354.34000640  8.000e-05  5.684e-14   0 0 0 0 38 e   292.79587640 2.626e-02

129)  0 2 0 0 41 e >  1386.48028640 bunc = 2.905e-03 sunc=6.458e-03 func = 2.854e-02
90ToHoAl.35  1029.609760  1386.48028640  8.000e-05  5.684e-14   0 0 0 0 42 e   356.87052640 2.927e-02
90ToHoAl.71  1062.436910  1386.48028640  8.000e-05  5.684e-14   0 0 0 0 40 e   324.04337640 2.780e-02

130)  1 1 0 1 12 e >  1391.18982502 bunc = 2.901e-03 sunc=2.904e-03 func = 8.451e-03
83WePeMa.6  845.775813  1391.18982502  6.671e-07  -1.607e-14   0 1 0 1 11 e   545.41401168 7.936e-03

131)  0 2 0 0 43 e >  1420.20621640 bunc = 2.905e-03 sunc=6.459e-03 func = 2.997e-02
90ToHoAl.73  1063.335690  1420.20621640  8.000e-05  5.684e-14   0 0 0 0 42 e   356.87052640 2.927e-02

132)  1 1 0 1 19 e >  1435.44510589 bunc = 2.883e-03 sunc=3.240e-03 func = 1.340e-02
83WePeMa.7  848.425813  1435.44510589  6.671e-07  8.272e-14   0 1 0 1 18 e   587.01929259 1.301e-02

133)  1 1 0 1 20 e >  1443.34714282 bunc = 2.883e-03 sunc=3.238e-03 func = 1.300e-02
83WePeMa.8  848.799805  1443.34714282  2.402e-06  4.395e-14   0 1 0 1 19 e   594.54733745 1.259e-02

134)  1 1 0 1 23 e >  1469.42452444 bunc = 2.888e-03 sunc=3.242e-03 func = 1.410e-02
83WePeMa.9  849.915711  1469.42452444  1.001e-06  1.306e-13   0 1 0 1 22 e   619.50881376 1.372e-02

135)  1 1 0 1 29 e >  1532.23648194 bunc = 2.902e-03 sunc=3.811e-03 func = 1.679e-02
83WePeMa.10  852.113998  1532.23648194  2.001e-06  -6.842e-14   0 1 0 1 28 e   680.12248379 1.635e-02

136)  2 0 0 0 1 e >  1688.75773466 bunc = 1.131e-13 sunc=3.759e-03 func = 3.890e-03
67MoMa.1  0.786826  1688.75773466  2.669e-06  8.531e-15   2 0 0 0 2 e   1689.54456032 5.410e-03
80MaOlSa.24  1687.965600  1688.75773466  3.700e-03  -7.949e-14   0 0 0 0 2 e   0.79213466 1.001e-03

137)  2 0 0 0 2 e >  1689.54456032 bunc = 1.163e-13 sunc=3.759e-03 func = 5.410e-03
67MoMa.1  0.786826  1689.54456032  2.669e-06  -8.531e-15   2 0 0 0 1 e   1688.75773466 3.890e-03

138)  2 0 0 0 6 e >  1696.62249456 bunc = 6.378e-04 sunc=4.595e-03 func = 7.165e-03
80MaOlSa.23  1685.937200  1696.62242394  3.700e-03  -7.062e-05   0 0 0 0 7 e   10.68522394 5.498e-03
80MaOlSa.25  1691.082000  1696.62256518  3.700e-03  7.062e-05   0 0 0 0 5 e   5.54056518 5.498e-03

139)  2 0 0 0 7 e >  1699.37659835 bunc = 8.557e-04 sunc=4.595e-03 func = 6.627e-03
80MaOlSa.22  1685.525900  1699.37775781  3.700e-03  1.159e-03   0 0 0 0 8 e   13.85185781 6.138e-03
80MaOlSa.26  1691.460700  1699.37543889  3.700e-03  -1.159e-03   0 0 0 0 6 e   7.91473889 4.776e-03

140)  2 0 0 0 8 e >  1702.52439423 bunc = 2.884e-03 sunc=4.809e-03 func = 9.333e-03
80MaOlSa.21  1685.109700  1702.52439423  3.700e-03  2.487e-14   0 0 0 0 9 e   17.41469423 7.999e-03

141)  2 0 0 0 9 e >  1706.04949635 bunc = 1.572e-02 sunc=4.596e-03 func = 1.687e-02
80MaOlSa.20  1684.693300  1706.03693489  3.700e-03  -1.256e-02   0 0 0 0 10 e   21.34363489 2.350e-02  WRONG
80MaOlSa.27  1692.210200  1706.06205781  3.700e-03  1.256e-02   0 0 0 0 8 e   13.85185781 6.138e-03  WRONG

142)  2 0 0 0 11 e >  1714.31428482 bunc = 1.726e-02 sunc=4.809e-03 func = 1.924e-02
80MaOlSa.19  1683.852600  1714.32763475  3.700e-03  1.335e-02   0 0 0 0 12 e   30.47503475 8.510e-03  WRONG
80MaOlSa.28  1692.957300  1714.30093489  3.700e-03  -1.335e-02   0 0 0 0 10 e   21.34363489 2.350e-02  WRONG

143)  2 0 0 0 13 e >  1724.16206871 bunc = 2.884e-03 sunc=3.119e-03 func = 1.012e-02
83WePeMa.1  846.038795  1724.16206871  1.735e-06  5.052e-14   1 0 0 0 12 e   878.12327343 9.623e-03

144)  2 0 0 0 14 e >  1729.66982585 bunc = 2.883e-03 sunc=4.812e-03 func = 1.118e-02
80MaOlSa.29  1694.049600  1729.66982585  3.700e-03  -1.137e-13   0 0 0 0 13 e   35.62022585 1.009e-02

145)  2 0 0 0 15 e >  1735.57073655 bunc = 2.920e-03 sunc=4.810e-03 func = 1.070e-02
80MaOlSa.18  1682.141800  1735.57124745  3.700e-03  5.109e-04   0 0 0 0 16 e   53.42944745 1.050e-02
80MaOlSa.30  1694.409400  1735.57022564  3.700e-03  -5.109e-04   0 0 0 0 14 e   41.16082564 9.555e-03

146)  2 0 0 0 16 e >  1741.86473922 bunc = 2.876e-03 sunc=4.813e-03 func = 1.200e-02
80MaOlSa.17  1681.707900  1741.86503259  3.700e-03  2.934e-04   0 0 0 0 17 e   60.15713259 1.182e-02
80MaOlSa.31  1694.767200  1741.86444585  3.700e-03  -2.934e-04   0 0 0 0 15 e   47.09724585 1.099e-02

147)  2 0 0 0 17 e >  1748.55064745 bunc = 2.883e-03 sunc=4.813e-03 func = 1.234e-02
80MaOlSa.16  1681.270100  1748.55064745  3.700e-03  0.000e+00   0 0 0 0 18 e   67.28054745 1.137e-02

148)  2 0 0 0 18 e >  1755.63206259 bunc = 2.883e-03 sunc=4.816e-03 func = 1.349e-02
80MaOlSa.15  1680.832400  1755.63206259  3.700e-03  5.684e-14   0 0 0 0 19 e   74.79966259 1.260e-02

149)  2 0 0 0 20 e >  1770.97161259 bunc = 2.985e-03 sunc=4.816e-03 func = 1.349e-02
83WePeMa.2  848.655806  1770.97161259  1.668e-06  -6.718e-14   1 0 0 0 19 e   922.31580685 1.432e-02
80MaOlSa.14  1679.948000  1770.97236259  3.700e-03  7.500e-04   0 0 0 0 21 e   91.02436259 1.333e-02
80MaOlSa.32  1696.171200  1770.97086259  3.700e-03  -7.500e-04   0 0 0 0 19 e   74.79966259 1.260e-02

150)  2 0 0 0 21 e >  1779.23200271 bunc = 3.059e-03 sunc=4.814e-03 func = 1.309e-02
83WePeMa.3  849.024394  1779.23200271  1.067e-06  3.597e-14   1 0 0 0 20 e   930.20760864 1.395e-02
80MaOlSa.13  1679.503100  1779.23316796  3.700e-03  1.165e-03   0 0 0 0 22 e   99.73006796 1.293e-02
80MaOlSa.33  1696.516600  1779.23083745  3.700e-03  -1.165e-03   0 0 0 0 20 e   82.71423745 1.217e-02

151)  2 0 0 0 22 e >  1787.88457876 bunc = 2.948e-03 sunc=4.817e-03 func = 1.417e-02
83WePeMa.4  849.392716  1787.88457876  6.671e-07  4.360e-15   1 0 0 0 21 e   938.49186321 1.497e-02
80MaOlSa.12  1679.054300  1787.88579492  3.700e-03  1.216e-03   0 0 0 0 23 e   108.83149492 1.413e-02
80MaOlSa.34  1696.859000  1787.88336259  3.700e-03  -1.216e-03   0 0 0 0 21 e   91.02436259 1.333e-02

152)  2 0 0 0 23 e >  1796.93266796 bunc = 2.883e-03 sunc=4.816e-03 func = 1.380e-02
80MaOlSa.35  1697.202600  1796.93266796  3.700e-03  -9.948e-14   0 0 0 0 22 e   99.73006796 1.293e-02

153)  2 0 0 0 25 e >  1816.20375234 bunc = 3.000e-03 sunc=5.019e-03 func = 1.464e-02
80MaOlSa.11  1677.696600  1816.20508671  3.700e-03  1.334e-03   0 0 0 0 26 e   138.50848671 1.457e-02
80MaOlSa.36  1697.874000  1816.20241796  3.700e-03  -1.334e-03   0 0 0 0 24 e   118.32841796 1.375e-02

154)  2 0 0 0 26 e >  1826.43173715 bunc = 2.897e-03 sunc=5.217e-03 func = 1.673e-02
80MaOlSa.10  1677.240600  1826.43173715  3.700e-03  0.000e+00   0 0 0 0 27 e   149.19113715 1.590e-02

155)  2 0 0 0 27 e >  1837.04668671 bunc = 2.883e-03 sunc=5.020e-03 func = 1.541e-02
80MaOlSa.9  1676.779100  1837.04668671  3.700e-03  1.137e-13   0 0 0 0 28 e   160.26758671 1.662e-02
80MaOlSa.37  1698.538200  1837.04668671  3.700e-03  1.137e-13   0 0 0 0 26 e   138.50848671 1.457e-02

156)  2 0 0 0 28 e >  1848.05869379 bunc = 2.962e-03 sunc=5.217e-03 func = 1.673e-02
80MaOlSa.8  1676.315500  1848.05915043  3.700e-03  4.566e-04   0 0 0 0 29 e   171.74365043 1.682e-02
80MaOlSa.38  1698.867100  1848.05823715  3.700e-03  -4.566e-04   0 0 0 0 27 e   149.19113715 1.590e-02

157)  2 0 0 0 30 e >  1871.26135043 bunc = 2.892e-03 sunc=5.405e-03 func = 1.767e-02
80MaOlSa.7  1675.384600  1871.26135043  3.700e-03  8.527e-14   0 0 0 0 31 e   195.87675043 1.884e-02
80MaOlSa.39  1699.517700  1871.26135043  3.700e-03  8.527e-14   0 0 0 0 29 e   171.74365043 1.682e-02

158)  2 0 0 0 31 e >  1883.45135230 bunc = 3.301e-03 sunc=7.388e-03 func = 2.029e-02
80MaOlSa.6  1674.917800  1883.45342788  3.700e-03  2.076e-03   0 0 0 0 32 e   208.53562788 2.097e-02
80MaOlSa.40  1699.837800  1883.44927671  3.700e-03  -2.076e-03   0 0 0 0 30 e   183.61147671 1.889e-02

159)  2 0 0 0 33 e >  1909.01183788 bunc = 2.904e-03 sunc=7.440e-03 func = 2.405e-02
80MaOlSa.4  1673.970000  1909.01183788  3.700e-03  5.684e-14   0 0 0 0 34 e   235.04183788 2.287e-02

160)  2 0 0 0 35 e >  1936.14123788 bunc = 2.904e-03 sunc=7.440e-03 func = 2.405e-02
80MaOlSa.41  1701.099400  1936.14123788  3.700e-03  5.684e-14   0 0 0 0 34 e   235.04183788 2.287e-02

161)  2 0 0 0 37 e >  1964.84359714 bunc = 3.110e-03 sunc=7.440e-03 func = 2.572e-02
80MaOlSa.2  1672.049300  1964.84517640  3.700e-03  1.579e-03   0 0 0 0 38 e   292.79587640 2.626e-02
80MaOlSa.43  1701.713300  1964.84201788  3.700e-03  -1.579e-03   0 0 0 0 36 e   263.12871788 2.462e-02

162)  2 0 0 0 41 e >  2026.96097640 bunc = 2.905e-03 sunc=7.442e-03 func = 2.878e-02
80MaOlSa.46  1702.917600  2026.96097640  3.700e-03  5.684e-14   0 0 0 0 40 e   324.04337640 2.780e-02

163)  2 0 0 0 43 e >  2060.37332640 bunc = 2.905e-03 sunc=7.443e-03 func = 3.020e-02
80MaOlSa.48  1703.502800  2060.37332640  3.700e-03  -1.705e-13   0 0 0 0 42 e   356.87052640 2.927e-02

164)  0 0 1 0 8 e >  2075.21165709 bunc = 1.370e-04 sunc=2.734e-03 func = 6.140e-03
90WeScMa.4  2064.526433  2075.21165709  2.335e-04  1.261e-15   0 0 0 0 7 e   10.68522394 5.498e-03

165)  0 0 1 0 14 e >  2102.35807233 bunc = 2.883e-03 sunc=3.096e-03 func = 1.142e-02
90WeScMa.3  2055.260826  2102.35807233  3.336e-04  -5.654e-15   0 0 0 0 15 e   47.09724585 1.099e-02

166)  0 0 1 0 20 e >  2143.66300271 bunc = 2.883e-03 sunc=3.108e-03 func = 1.297e-02
90WeScMa.5  2068.863340  2143.66300271  4.003e-04  1.227e-13   0 0 0 0 19 e   74.79966259 1.260e-02

167)  0 0 1 0 32 e >  2268.73334645 bunc = 2.892e-03 sunc=6.559e-03 func = 1.995e-02
90WeScMa.6  2072.856596  2268.73334645  3.336e-04  -3.031e-14   0 0 0 0 31 e   195.87675043 1.884e-02

168)  0 0 1 0 41 e >  2399.66755034 bunc = 2.905e-03 sunc=6.464e-03 func = 2.997e-02
90WeScMa.2  2042.797024  2399.66755034  2.669e-04  1.127e-13   0 0 0 0 42 e   356.87052640 2.927e-02

