nb bootstrap iteration = 100
0 0 0 0 0 e   0.000000000  0.000000000  0.000e+00  0.000e+00  0.000e+00
0 0 0 0 1 e   0.380586893  0.380586894  4.608e-09  1.334e-07  1.334e-07
0 0 0 0 2 e   1.141760236  1.141760201  1.592e-07  6.803e-07  6.933e-07
0 0 0 0 3 e   2.283518278  2.283518243  1.592e-07  1.210e-06  1.395e-06
0 0 0 0 4 e   3.805857776  3.805857741  1.592e-07  3.548e-06  3.813e-06
0 0 0 0 5 e   5.708775560  5.708775526  1.592e-07  4.870e-06  6.185e-06
0 0 0 0 6 e   7.992265064  7.992265172  5.404e-07  4.972e-06  7.935e-06
0 0 0 0 7 e   10.656323001  10.656323144  5.503e-07  5.016e-06  9.388e-06
0 0 0 0 8 e   13.700944290  13.700944433  5.503e-07  6.024e-06  1.115e-05
0 0 0 0 9 e   17.126119849  17.126119993  5.503e-07  6.886e-06  1.311e-05
0 0 0 0 10 e   20.931841673  20.931841816  5.503e-07  7.651e-06  1.518e-05
0 0 0 0 11 e   25.118100755  25.118100898  5.503e-07  7.652e-06  1.700e-05
0 0 0 0 12 e   29.684885405  29.684885628  6.668e-07  7.717e-06  1.867e-05
0 0 0 0 13 e   34.632186268  34.632186540  7.727e-07  7.782e-06  2.022e-05
0 0 0 0 14 e   39.959991297  39.959991683  8.763e-07  7.810e-06  2.168e-05
0 0 0 0 15 e   45.668290003  45.668290388  8.763e-07  8.493e-06  2.328e-05
0 0 0 0 16 e   51.757066926  51.757067312  8.763e-07  9.124e-06  2.501e-05
0 0 0 0 17 e   58.226305431  58.226305928  9.548e-07  9.179e-06  2.664e-05
0 0 0 0 18 e   65.075990764  65.075991479  1.331e-06  9.233e-06  2.819e-05
0 0 0 0 19 e   72.306109073  72.306109901  1.367e-06  9.288e-06  2.969e-05
0 0 0 0 20 e   79.916641827  79.916642747  1.456e-06  9.341e-06  3.112e-05
0 0 0 0 21 e   87.907571446  87.907572463  1.549e-06  9.395e-06  3.251e-05
0 0 0 0 22 e   96.278880106  96.278881124  1.549e-06  9.969e-06  3.400e-05
0 0 0 0 23 e   105.030545900  105.030546918  1.549e-06  1.051e-05  3.559e-05
0 0 0 0 24 e   114.162548575  114.162549567  1.532e-06  1.056e-05  3.712e-05
0 0 0 0 25 e   123.674865259  123.674866251  1.532e-06  1.107e-05  3.874e-05
0 0 0 0 26 e   133.567474699  133.567475691  1.532e-06  1.112e-05  4.030e-05
0 0 0 0 27 e   143.840350653  143.840351748  1.582e-06  1.113e-05  4.181e-05
0 0 0 0 28 e   154.493471196  154.493472307  1.580e-06  1.113e-05  4.327e-05
0 0 0 0 29 e   165.526810367  165.526811478  1.580e-06  1.114e-05  4.468e-05
0 0 0 0 30 e   176.940342324  176.940343436  1.580e-06  1.114e-05  4.605e-05
0 0 0 0 31 e   188.734039282  188.734040394  1.580e-06  1.115e-05  4.738e-05
0 0 0 0 32 e   200.907873122  200.907874233  1.580e-06  1.116e-05  4.867e-05
0 0 0 0 33 e   213.461815023  213.461816134  1.580e-06  1.116e-05  4.994e-05
0 1 0 1 1 e   515.379074747  515.379074747  5.287e-09  1.131e-02  1.789e-02
0 1 0 1 1 f   515.379451893  515.379451894  4.608e-09  1.131e-02  1.386e-02
0 1 0 1 2 e   516.141223048  516.141223086  3.680e-07  1.131e-02  2.117e-02
0 1 0 1 2 f   516.142354427  516.142354464  3.679e-07  1.131e-02  1.789e-02
0 1 0 1 3 e   517.284443456  517.284443397  1.116e-06  1.131e-02  2.400e-02
0 1 0 1 3 f   517.286706203  517.286706143  1.116e-06  1.131e-02  2.117e-02
0 1 0 1 4 e   518.808734253  518.808734194  1.104e-06  1.131e-02  2.653e-02
0 1 0 1 4 f   518.812505479  518.812505420  1.104e-06  1.131e-02  2.400e-02
0 1 0 1 5 e   520.714088584  520.714088510  1.280e-06  1.131e-02  2.884e-02
0 1 0 1 5 f   520.719745392  520.719745319  1.280e-06  1.131e-02  2.653e-02
0 1 0 1 6 e   523.000504794  523.000504768  1.526e-06  1.131e-02  3.098e-02
0 1 0 1 6 f   523.008424264  523.008424239  1.526e-06  1.131e-02  2.884e-02
0 1 0 1 7 e   525.667974549  525.667974491  1.813e-06  1.131e-02  3.298e-02
0 1 0 1 7 f   525.678533749  525.678533691  1.813e-06  1.131e-02  3.098e-02
0 1 0 1 8 e   528.716493534  528.716493476  1.813e-06  1.131e-02  3.487e-02
0 1 0 1 8 f   528.730068154  528.730068096  1.813e-06  1.131e-02  3.298e-02
0 1 0 1 9 e   532.146052793  532.146052735  1.813e-06  1.131e-02  3.666e-02
0 1 0 1 9 f   532.163019759  532.163019701  1.813e-06  1.131e-02  3.487e-02
0 1 0 1 10 e   535.956655660  535.956655602  1.813e-06  1.131e-02  3.837e-02
0 1 0 1 10 f   535.977391901  535.977391843  1.813e-06  1.131e-02  3.666e-02
0 1 0 1 11 e   540.148270447  540.148270389  1.813e-06  1.131e-02  4.000e-02
0 1 0 1 11 f   540.173161228  540.173161171  1.813e-06  1.131e-02  3.837e-02
0 1 0 1 12 e   544.720900490  544.720900432  1.813e-06  1.131e-02  4.157e-02
0 1 0 1 12 f   544.750294386  544.750294328  1.813e-06  1.131e-02  4.000e-02
0 1 0 1 13 e   549.674527442  549.674527384  1.813e-06  1.131e-02  4.308e-02
0 1 0 1 13 f   549.708824731  549.708824673  1.813e-06  1.131e-02  4.157e-02
0 1 0 1 14 e   555.009151304  555.009151246  1.813e-06  1.131e-02  4.454e-02
0 1 0 1 14 f   555.043448592  555.043448534  1.813e-06  1.131e-02  4.308e-02
0 1 0 1 15 e   560.724738718  560.724738660  1.813e-06  1.131e-02  4.596e-02
0 1 0 1 15 f   560.764706597  560.764706539  1.813e-06  1.131e-02  4.454e-02
0 1 0 1 16 e   566.821289686  566.821289628  1.813e-06  1.131e-02  4.733e-02
0 1 0 1 16 f   566.861257565  566.861257507  1.813e-06  1.131e-02  4.596e-02
0 1 0 1 17 e   573.298770851  573.298770793  1.813e-06  1.131e-02  4.866e-02
0 1 0 1 17 f   573.345143160  573.345143102  1.813e-06  1.131e-02  4.733e-02
0 1 0 1 18 e   580.157182212  580.157182154  1.813e-06  1.131e-02  4.996e-02
0 1 0 1 18 f   580.210359229  580.210359171  1.813e-06  1.131e-02  4.866e-02
0 1 0 1 19 e   587.396523770  587.396523712  1.813e-06  1.131e-02  5.123e-02
0 1 0 1 19 f   587.456839059  587.456839001  1.813e-06  1.131e-02  4.996e-02
0 1 0 1 20 e   595.016762169  595.016762111  1.813e-06  1.131e-02  5.246e-02
0 1 0 1 20 f   595.084616006  595.084615948  1.813e-06  1.131e-02  5.123e-02
0 1 0 1 21 e   603.017864051  603.017863993  1.813e-06  1.131e-02  5.367e-02
0 1 0 1 21 f   603.093623357  603.093623299  1.813e-06  1.131e-02  5.246e-02
0 1 0 1 22 e   611.399829417  611.399829359  1.813e-06  1.131e-02  5.485e-02
0 1 0 1 22 f   611.483861113  611.483861055  1.813e-06  1.131e-02  5.367e-02
0 1 0 1 23 e   620.162624911  620.162624853  1.813e-06  1.131e-02  5.600e-02
0 1 0 1 23 f   620.255329273  620.255329215  1.813e-06  1.131e-02  5.485e-02
0 1 0 1 24 e   629.306217176  629.306217118  1.813e-06  1.131e-02  5.713e-02
0 1 0 1 24 f   629.407961125  629.407961067  1.813e-06  1.131e-02  5.600e-02
0 1 0 1 25 e   638.830606212  638.830606154  1.813e-06  1.131e-02  5.824e-02
0 1 0 1 25 f   638.941756668  638.941756610  1.813e-06  1.131e-02  5.713e-02
0 1 0 1 26 e   648.735847290  648.735847232  1.813e-06  1.131e-02  5.933e-02
0 1 0 1 27 e   659.021840976  659.021840918  1.813e-06  1.131e-02  6.040e-02
0 1 0 1 28 e   669.688560383  669.688560325  1.813e-06  1.131e-02  6.145e-02
0 1 0 1 28 f   669.841415171  669.841416282  1.580e-06  1.131e-02  2.117e-02
0 1 0 1 29 e   680.735980162  680.735980104  1.813e-06  1.131e-02  6.248e-02
0 1 0 1 29 f   680.899760942  680.899762053  1.580e-06  1.131e-02  1.789e-02
0 1 0 1 30 e   692.164074961  692.164074903  1.813e-06  1.131e-02  6.350e-02
0 1 0 1 30 f   692.339155324  692.339156436  1.580e-06  1.131e-02  1.386e-02
0 1 0 1 31 e   703.972815793  703.972815735  1.813e-06  1.131e-02  6.450e-02
0 1 0 1 31 f   704.159572935  704.159574046  1.580e-06  1.131e-02  1.789e-02
0 1 0 1 32 e   716.162174206  716.162174148  1.813e-06  1.131e-02  6.548e-02
0 1 0 1 32 f   716.360984019  716.360985130  1.580e-06  1.131e-02  2.117e-02
1 0 0 0 0 e   838.004757885  838.004715793  1.159e-03  1.063e-02  1.273e-02
1 0 0 0 1 e   838.384263430  838.384221337  1.159e-03  1.063e-02  1.658e-02
1 0 0 0 2 e   839.143274185  839.143232093  1.159e-03  1.063e-02  1.970e-02
1 0 0 0 3 e   840.281782847  840.281740821  1.159e-03  1.063e-02  2.238e-02
1 0 0 0 30 e   1014.442038488  1014.442256049  3.564e-03  1.063e-02  1.273e-02
0 2 0 0 0 e   1036.201000000  1036.201000000  6.914e-14  1.063e-02  1.273e-02
0 2 0 0 1 e   1036.888415314  1036.888415314  7.028e-14  1.300e-02  2.252e-02
0 2 0 0 2 e   1037.651999000  1037.651999000  7.028e-14  1.300e-02  1.838e-02
0 2 0 0 3 e   1038.797373044  1038.797373044  7.028e-14  1.300e-02  2.252e-02
0 2 0 0 30 e   1213.711531324  1213.711532436  1.580e-06  1.063e-02  1.273e-02
1 1 0 1 1 e   1346.598526581  1346.601881224  1.189e-02  3.100e-02  4.735e-02
1 1 0 1 1 f   1346.598526585  1346.601881232  1.189e-02  3.100e-02  4.598e-02
1 1 0 1 2 e   1347.358671955  1347.362026598  1.189e-02  3.100e-02  4.998e-02
1 1 0 1 2 f   1347.359478771  1347.362833415  1.189e-02  3.100e-02  4.868e-02
1 1 0 1 3 e   1348.498889098  1348.502243741  1.189e-02  3.100e-02  3.920e-02
1 1 0 1 3 f   1348.500906786  1348.504261429  1.189e-02  3.100e-02  3.754e-02
1 1 0 1 17 e   1404.362316851  1404.362316793  1.813e-06  2.042e-02  5.277e-02
0 3 0 1 17 f   1404.415475160  1404.415475102  1.813e-06  1.200e-02  4.883e-02
0 3 0 1 17 e   1615.618468851  1615.618468793  1.813e-06  2.042e-02  5.277e-02
1 1 0 1 17 f   1615.719570160  1615.719570102  1.813e-06  1.131e-02  4.866e-02
0 0 1 0 0 e   2026.149000000  2026.149000000  1.404e-13  1.100e-02  1.100e-02
0 0 1 0 1 e   2026.221084236  2026.221084201  1.592e-07  3.341e-05  3.341e-05
0 0 1 0 2 e   2026.977586922  2026.977586888  1.592e-07  3.351e-05  4.732e-05
0 0 1 0 3 e   2028.416517278  2028.416517243  1.592e-07  3.000e-04  3.000e-04
0 4 0 0 0 e   2083.300000000  2083.300000000  1.433e-13  8.000e-03  8.000e-03
0 0 1 0 30 e   2202.001389324  2202.001390436  1.580e-06  3.002e-04  3.037e-04
0 4 0 0 30 e   2261.264819324  2261.264820436  1.580e-06  8.000e-03  8.000e-03
3 0 0 0 0 e   2494.799000000  2494.799000000  1.427e-13  7.000e-03  7.000e-03
0 1 1 1 1 e   2534.255779893  2534.255779894  4.608e-09  8.000e-03  8.000e-03
0 1 1 1 1 f   2534.256148893  2534.256148894  4.608e-09  8.000e-03  8.000e-03
0 1 1 1 3 e   2536.376473747  2536.376473747  5.287e-09  1.131e-02  2.117e-02
0 1 1 1 3 f   2536.376850893  2536.376850894  4.608e-09  1.131e-02  1.789e-02
0 1 1 1 9 f   2550.959563660  2550.959563602  1.813e-06  1.131e-02  4.000e-02
0 1 1 1 17 f   2591.900613686  2591.900613628  1.813e-06  1.131e-02  4.866e-02
0 5 0 1 1 f   2609.184745893  2609.184745894  4.608e-09  1.330e-02  1.921e-02
0 5 0 1 1 e   2609.190640747  2609.190640747  5.287e-09  1.510e-02  2.341e-02
3 0 0 0 30 e   2670.197513324  2670.197514436  1.580e-06  7.000e-03  7.000e-03
2 2 0 0 0 e   2679.681000000  2679.681000000  1.780e-13  1.000e-02  1.000e-02
0 1 1 1 30 e   2709.976049324  2709.976050436  1.580e-06  8.000e-03  8.000e-03
0 1 1 1 30 f   2710.147708324  2710.147709436  1.580e-06  8.000e-03  8.000e-03
0 5 0 1 30 e   2786.711432961  2786.711432903  1.813e-06  1.510e-02  6.527e-02
0 5 0 1 30 f   2787.216057324  2787.216058436  1.580e-06  1.330e-02  1.921e-02
2 2 0 0 30 e   2856.302182324  2856.302183436  1.580e-06  1.000e-02  1.000e-02
1 0 1 0 0 e   2860.685000000  2860.685000000  1.862e-13  8.000e-03  8.000e-03
3 1 0 1 1 e   2991.173021747  2991.173021747  5.287e-09  1.386e-02  2.263e-02
3 1 0 1 1 f   2991.173398893  2991.173398894  4.608e-09  1.386e-02  1.960e-02
1 0 1 0 30 e   3036.062208324  3036.062209436  1.580e-06  8.000e-03  8.000e-03
0 2 1 0 0 e   3048.743000000  3048.743000000  2.103e-13  1.300e-02  1.300e-02
3 1 0 1 30 e   3166.521581961  3166.521581903  1.813e-06  1.386e-02  6.499e-02
3 1 0 1 30 f   3166.730662324  3166.730663436  1.580e-06  1.386e-02  1.960e-02
2 3 0 1 1 f   3188.738925893  3188.738925894  4.608e-09  1.510e-02  2.049e-02
2 3 0 1 1 e   3188.746091747  3188.746091747  5.287e-09  1.446e-02  2.300e-02
0 2 1 0 30 e   3225.197072324  3225.197073436  1.580e-06  1.300e-02  1.300e-02
4 0 0 0 0 e   3313.474218449  3313.474232716  4.896e-04  7.000e-03  7.000e-03
1 1 1 1 1 e   3361.601434586  3361.604789232  1.189e-02  3.100e-02  3.579e-02
1 1 1 1 1 f   3361.601434590  3361.604789245  1.189e-02  3.100e-02  3.395e-02
2 3 0 1 30 e   3365.081552961  3365.081552903  1.813e-06  1.446e-02  6.512e-02
2 3 0 1 30 f   3365.458710324  3365.458711436  1.580e-06  1.510e-02  2.049e-02
4 0 0 0 30 e   3488.342581389  3488.342778339  2.390e-03  7.000e-03  7.000e-03
1 1 1 1 30 e   3537.163884961  3537.163884903  1.813e-06  1.510e-02  6.527e-02
1 1 1 1 30 f   3537.357227324  3537.357228436  1.580e-06  1.510e-02  2.049e-02
0 3 1 1 1 e   3563.576756747  3563.576756747  5.287e-09  1.649e-02  2.433e-02
0 3 1 1 1 f   3563.578500893  3563.578500894  4.608e-09  1.510e-02  2.049e-02
2 0 1 0 0 e   3688.818430758  3688.818371213  7.522e-04  7.000e-03  7.000e-03
0 3 1 1 30 e   3739.751488961  3739.751488903  1.813e-06  1.649e-02  6.560e-02
0 3 1 1 30 f   3740.100147324  3740.100148436  1.580e-06  1.510e-02  2.049e-02
2 0 1 0 30 e   3863.741450278  3863.740972470  4.770e-03  7.000e-03  7.000e-03
1 2 1 0 0 e   3869.596154895  3869.596042065  9.352e-04  7.000e-03  7.000e-03
0 1 2 0 0 e   4030.371000000  4030.371000000  2.809e-13  7.000e-03  7.000e-03
1 2 1 0 30 e   4045.653377648  4045.653614784  2.731e-03  7.000e-03  7.000e-03
0 4 1 0 0 e   4083.619000000  4083.619000000  2.603e-13  1.530e-02  1.990e-02
0 0 2 0 30 e   4205.139208324  4205.139209436  1.580e-06  7.000e-03  7.000e-03
0 4 1 0 30 e   4260.567836324  4260.567837436  1.580e-06  1.530e-02  1.990e-02
1 3 1 1 1 e   4378.121906747  4378.121906747  5.287e-09  1.330e-02  2.229e-02
3 4 0 0 0 e   4503.420000000  4503.420000000  2.988e-13  1.600e-02  1.600e-02
3 0 1 0 0 e   4511.410000000  4511.410000000  2.881e-13  7.000e-03  7.000e-03
1 3 1 1 30 e   4553.902085961  4553.902085903  1.813e-06  1.330e-02  6.488e-02
3 4 0 0 30 e   4680.022082324  4680.022083436  1.580e-06  8.000e-03  8.000e-03
2 2 1 0 0 e   4684.977195897  4684.977110449  1.089e-03  7.000e-03  7.000e-03
3 0 1 0 30 e   4685.924553324  4685.924554436  1.580e-06  7.000e-03  7.000e-03
2 2 1 0 30 e   4860.621711440  4860.621728796  1.776e-03  7.000e-03  7.000e-03
1 0 2 0 0 e   4861.213757885  4861.213715793  1.159e-03  1.330e-02  1.841e-02
3 1 1 1 1 f   4999.273490893  4999.273490894  4.608e-09  1.510e-02  2.049e-02
1 0 2 0 30 e   5035.551239473  5035.551420244  2.483e-03  1.000e-02  1.000e-02
0 2 2 0 0 e   5039.236000000  5039.236000000  3.316e-13  7.000e-03  7.000e-03
3 1 1 1 22 f   5094.127829113  5094.127829055  1.813e-06  1.510e-02  5.575e-02
2 3 1 1 1 f   5187.546904893  5187.546904894  4.608e-09  1.386e-02  1.960e-02
2 3 1 1 1 e   5187.563001747  5187.563001747  5.287e-09  1.446e-02  2.300e-02
0 2 2 0 30 e   5214.648630324  5214.648631436  1.580e-06  7.000e-03  7.000e-03
2 3 1 1 22 f   5283.009419113  5283.009419055  1.813e-06  1.386e-02  5.543e-02
1 1 2 1 1 f   5354.947011893  5354.947011894  4.608e-09  1.386e-02  1.960e-02
2 3 1 1 30 e   5362.922036961  5362.922036903  1.813e-06  1.446e-02  6.512e-02
1 1 2 1 22 f   5449.681257113  5449.681257055  1.813e-06  1.386e-02  5.543e-02
0 3 2 1 1 f   5547.539326893  5547.539326894  4.608e-09  1.386e-02  1.960e-02
0 3 2 1 1 e   5547.547531747  5547.547531747  5.287e-09  1.386e-02  2.263e-02
0 3 2 1 22 f   5642.856287113  5642.856287055  1.813e-06  1.386e-02  5.543e-02
0 3 2 1 30 e   5722.688765961  5722.688765903  1.813e-06  1.386e-02  6.499e-02
1 2 2 0 0 e   5856.278000000  5856.278000000  4.175e-13  8.000e-03  8.000e-03
0 0 3 0 0 e   6012.679000000  6012.679000000  3.498e-13  7.000e-03  7.000e-03
1 2 2 0 30 e   6031.316076324  6031.316077436  1.580e-06  8.000e-03  8.000e-03
0 0 3 0 30 e   6186.369245324  6186.369246436  1.580e-06  7.000e-03  7.000e-03
0 1 3 1 1 f   6506.033582893  6506.033582894  4.608e-09  1.386e-02  1.960e-02
0 1 3 1 30 f   6679.804600324  6679.804601436  1.580e-06  1.386e-02  1.960e-02
1 0 3 0 0 e   6839.530000000  6839.530000000  4.354e-13  1.500e-02  1.500e-02
1 0 3 0 30 e   7012.833241324  7012.833242436  1.580e-06  1.500e-02  1.500e-02
