1) 0 0 0 0 1 e  in component 0 = -1.00000000
   81BuVaKa.1  0.7611733848221092  0.00000067  0.76117338  0 0 0 0 2 e   -1.00000000
   82KiMi.1  0.38058729282642595  0.00000334  0.38058729  0 0 0 0 0 e   -1.00000000
   82KiMi.3  0.7611733848221092  0.00000334  0.76117338  0 0 0 0 2 e   -1.00000000
   73MaJo.10  0.7611733848221092  0.00000067  0.76117338  0 0 0 0 2 e   -1.00000000
   74Ma.1  0.7611733848221092  0.00000067  0.76117338  0 0 0 0 2 e   -1.00000000
   52KiTo.1  0.7611699157555191  0.00000344  0.76116992  0 0 0 0 2 e   -1.00000000
   87LoSu.1  0.3805868925495117  0.00000013  0.38058689  0 0 0 0 0 e   -1.00000000

2) 0 0 0 0 2 e  in component 0 = -1.00000000
   81BuVaKa.1  0.7611733848221092  0.00000067  0.76117338  0 0 0 0 1 e   -1.00000000
   81BuVaKa.2  1.141758042492183  0.00000100  1.14175804  0 0 0 0 3 e   -1.00000000
   82KiMi.3  0.7611733848221092  0.00000334  0.76117338  0 0 0 0 1 e   -1.00000000
   82KiMi.16  1.141758042492183  0.00000334  1.14175804  0 0 0 0 3 e   -1.00000000
   73MaJo.10  0.7611733848221092  0.00000067  0.76117338  0 0 0 0 1 e   -1.00000000
   73MaJo.11  1.141758042492183  0.00000100  1.14175804  0 0 0 0 3 e   -1.00000000
   74Ma.1  0.7611733848221092  0.00000067  0.76117338  0 0 0 0 1 e   -1.00000000
   74Ma.2  1.141758042492183  0.00000100  1.14175804  0 0 0 0 3 e   -1.00000000
   52KiTo.1  0.7611699157555191  0.00000344  0.76116992  0 0 0 0 1 e   -1.00000000
   79WePeMa.3  1035.456579  0.00006671  1035.45657900  0 2 0 0 1 e   -1.00000000

3) 0 0 0 0 3 e  in component 0 = -1.00000000
   81BuVaKa.2  1.141758042492183  0.00000100  1.14175804  0 0 0 0 2 e   -1.00000000
   82KiMi.16  1.141758042492183  0.00000334  1.14175804  0 0 0 0 2 e   -1.00000000
   73MaJo.11  1.141758042492183  0.00000100  1.14175804  0 0 0 0 2 e   -1.00000000
   74Ma.2  1.141758042492183  0.00000100  1.14175804  0 0 0 0 2 e   -1.00000000
   82KiMi.37  1.5223394979469431  0.00000334  1.52233950  0 0 0 0 4 e   -1.00000000

4) 0 0 0 0 10 e  in component 0 = -1.00000000
   81BuVaKa.3  4.186259081941281  0.00000100  4.18625908  0 0 0 0 11 e   -1.00000000
   73MaJo.12  4.186259081941281  0.00000167  4.18625908  0 0 0 0 11 e   -1.00000000
   74Ma.3  4.186259081941281  0.00000010  4.18625908  0 0 0 0 11 e   -1.00000000
   82KiMi.52  3.805721823729135  0.00000334  3.80572182  0 0 0 0 9 e   -1.00000000
   82KiMi.58  4.186259081941281  0.00000334  4.18625908  0 0 0 0 11 e   -1.00000000

5) 0 0 0 0 11 e  in component 0 = -1.00000000
   81BuVaKa.3  4.186259081941281  0.00000100  4.18625908  0 0 0 0 10 e   -1.00000000
   80DuDeBuBo.6  4.5667844986280475  0.00000100  4.56678450  0 0 0 0 12 e   -1.00000000
   73MaJo.12  4.186259081941281  0.00000167  4.18625908  0 0 0 0 10 e   -1.00000000
   74Ma.3  4.186259081941281  0.00000010  4.18625908  0 0 0 0 10 e   -1.00000000
   82KiMi.58  4.186259081941281  0.00000334  4.18625908  0 0 0 0 10 e   -1.00000000
   82KiMi.61  4.566786333230571  0.00000334  4.56678633  0 0 0 0 12 e   -1.00000000

6) 0 0 0 0 26 e  in component 0 = -1.00000000
   81BuVaKa.4  10.272875843994715  0.00000037  10.27287584  0 0 0 0 27 e   -1.00000000
   80DuDeBuBo.15  9.892609439827869  0.00000100  9.89260944  0 0 0 0 25 e   -1.00000000
   80DuDeBuBo.16  10.272877278320324  0.00000128  10.27287728  0 0 0 0 27 e   -1.00000000

7) 0 0 0 0 27 e  in component 0 = -1.00000000
   81BuVaKa.4  10.272875843994715  0.00000037  10.27287584  0 0 0 0 26 e   -1.00000000
   81BuVaKa.5  10.653120499782553  0.00000037  10.65312050  0 0 0 0 28 e   -1.00000000
   80DuDeBuBo.16  10.272877278320324  0.00000128  10.27287728  0 0 0 0 26 e   -1.00000000
   80DuDeBuBo.17  10.653120866703057  0.00000100  10.65312087  0 0 0 0 28 e   -1.00000000

8) 0 0 0 0 28 e  in component 0 = -1.00000000
   81BuVaKa.5  10.653120499782553  0.00000037  10.65312050  0 0 0 0 27 e   -1.00000000
   81BuVaKa.6  11.033339170927375  0.00000037  11.03333917  0 0 0 0 29 e   -1.00000000
   80DuDeBuBo.17  10.653120866703057  0.00000100  10.65312087  0 0 0 0 27 e   -1.00000000

9) 0 0 0 0 29 e  in component 0 = -1.00000000
   81BuVaKa.6  11.033339170927375  0.00000037  11.03333917  0 0 0 0 28 e   -1.00000000
   81BuVaKa.7  11.41353195749841  0.00000037  11.41353196  0 0 0 0 30 e   -1.00000000

10) 0 0 0 0 30 e  in component 0 = -1.00000000
   81BuVaKa.7  11.41353195749841  0.00000037  11.41353196  0 0 0 0 29 e   -1.00000000
   81BuVaKa.8  11.793696958180316  0.00000037  11.79369696  0 0 0 0 31 e   -1.00000000

11) 0 0 0 0 31 e  in component 0 = -1.00000000
   81BuVaKa.8  11.793696958180316  0.00000037  11.79369696  0 0 0 0 30 e   -1.00000000
   81BuVaKa.9  12.173833839408996  0.00000037  12.17383384  0 0 0 0 32 e   -1.00000000

12) 0 0 0 0 32 e  in component 0 = -1.00000000
   81BuVaKa.9  12.173833839408996  0.00000037  12.17383384  0 0 0 0 31 e   -1.00000000
   81BuVaKa.10  12.55394190069985  0.00000037  12.55394190  0 0 0 0 33 e   -1.00000000

13) 0 0 0 0 33 e  in component 0 = -1.00000000
   81BuVaKa.10  12.55394190069985  0.00000037  12.55394190  0 0 0 0 32 e   -1.00000000

14) 0 0 0 0 41 e  in component 1 = -1.00000000
   81BuVaKa.11  15.973458845318918  0.00000037  15.97345885  0 0 0 0 42 e   -1.00000000

15) 0 0 0 0 42 e  in component 1 = -1.00000000
   81BuVaKa.11  15.973458845318918  0.00000037  15.97345885  0 0 0 0 41 e   -1.00000000
   81BuVaKa.12  16.353226571163443  0.00000037  16.35322657  0 0 0 0 43 e   -1.00000000

16) 0 0 0 0 43 e  in component 1 = -1.00000000
   81BuVaKa.12  16.353226571163443  0.00000037  16.35322657  0 0 0 0 42 e   -1.00000000
   81BuVaKa.13  16.732955536860104  0.00000037  16.73295554  0 0 0 0 44 e   -1.00000000
   81WePeMa.10  853.664234  0.00016680  853.66423400  1 0 0 0 44 e   -1.00000000

17) 0 0 0 0 44 e  in component 1 = -1.00000000
   81BuVaKa.13  16.732955536860104  0.00000037  16.73295554  0 0 0 0 43 e   -1.00000000

18) 0 1 0 1 1 e  in component 2 = 0.00000000
   81BuVaKa.14  0.7621490264441543  0.00000071  0.00000073  0 1 0 1 2 e   0.76214830
   82KiMi.4  0.7621490264441543  0.00000334  0.00000073  0 1 0 1 2 e   0.76214830
   74ReDy.8  0.0003771459120562666  0.00000002  -0.00000000  0 1 0 1 1 f   0.00037715
   73MaJo.36  0.7621490264441543  0.00000100  0.00000073  0 1 0 1 2 e   0.76214830

19) 0 1 0 1 2 e  in component 2 = 0.76214830
   81BuVaKa.14  0.7621490264441543  0.00000071  0.00000073  0 1 0 1 1 e   0.00000000
   81BuVaKa.27  1.143221554959865  0.00000158  0.00000115  0 1 0 1 3 e   1.90536871
   82KiMi.4  0.7621490264441543  0.00000334  0.00000073  0 1 0 1 1 e   0.00000000
   74ReDy.9  0.001131381030272616  0.00000003  0.00000000  0 1 0 1 2 f   0.76327968
   73MaJo.36  0.7621490264441543  0.00000100  0.00000073  0 1 0 1 1 e   0.00000000
   73MaJo.37  1.143221554959865  0.00000158  0.00000115  0 1 0 1 3 e   1.90536871
   82KiMi.25  1.143221554959865  0.00000334  0.00000115  0 1 0 1 3 e   1.90536871

20) 0 1 0 1 2 f  in component 2 = 0.76327968
   81BuVaKa.15  1.1443493351657301  0.00000204  -0.00000244  0 1 0 1 3 f   1.90763146
   81BuVaKa.26  0.7629020473890641  0.00000067  -0.00000049  0 1 0 1 1 f   0.00037715
   82KiMi.5  0.7629020473890641  0.00000334  -0.00000049  0 1 0 1 1 f   0.00037715
   74ReDy.9  0.001131381030272616  0.00000003  0.00000000  0 1 0 1 2 e   0.76214830
   73MaJo.30  0.7629020473890641  0.00000067  -0.00000049  0 1 0 1 1 f   0.00037715
   73MaJo.31  1.1443493351657301  0.00000334  -0.00000244  0 1 0 1 3 f   1.90763146
   82KiMi.26  1.1443493351657301  0.00000334  -0.00000244  0 1 0 1 3 f   1.90763146

21) 0 1 0 1 3 f  in component 2 = 1.90763146
   81BuVaKa.15  1.1443493351657301  0.00000204  -0.00000244  0 1 0 1 2 f   0.76327968
   74ReDy.10  0.0022627487179814245  0.00000003  0.00000000  0 1 0 1 3 e   1.90536871
   73MaJo.31  1.1443493351657301  0.00000334  -0.00000244  0 1 0 1 2 f   0.76327968
   82KiMi.26  1.1443493351657301  0.00000334  -0.00000244  0 1 0 1 2 f   0.76327968
   82KiMi.39  1.525798891178243  0.00000334  -0.00000038  0 1 0 1 4 f   3.43343073

22) 0 1 0 1 10 e  in component 2 = 20.57758091
   81BuVaKa.16  4.1916147870537825  0.00000100  -0.00000000  0 1 0 1 11 e   24.76919570
   73MaJo.38  4.1916147870537825  0.00000100  -0.00000000  0 1 0 1 11 e   24.76919570
   82KiMi.53  3.810602867134169  0.00000334  -0.00000000  0 1 0 1 9 e   16.76697805

23) 0 1 0 1 11 e  in component 2 = 24.76919570
   81BuVaKa.16  4.1916147870537825  0.00000100  -0.00000000  0 1 0 1 10 e   20.57758091
   73MaJo.38  4.1916147870537825  0.00000100  -0.00000000  0 1 0 1 10 e   20.57758091
   82KiMi.62  4.572630042614348  0.00000334  -0.00000000  0 1 0 1 12 e   29.34182574

24) 0 1 0 1 25 e  in component 2 = 123.45153146
   81BuVaKa.17  9.9052410784797  0.00000073  -0.00000000  0 1 0 1 26 e   133.35677254
   82KiMi.101  9.524389035830914  0.00000334  -0.00000000  0 1 0 1 24 e   113.92714243

25) 0 1 0 1 26 e  in component 2 = 133.35677254
   81BuVaKa.17  9.9052410784797  0.00000073  -0.00000000  0 1 0 1 25 e   123.45153146
   81BuVaKa.18  10.285993685671706  0.00000073  0.00000000  0 1 0 1 27 e   143.64276623

26) 0 1 0 1 27 e  in component 2 = 143.64276623
   81BuVaKa.18  10.285993685671706  0.00000073  0.00000000  0 1 0 1 26 e   133.35677254
   81BuVaKa.19  10.666719407597638  0.00000073  -0.00000000  0 1 0 1 28 e   154.30948564

27) 0 1 0 1 28 e  in component 2 = 154.30948564
   81BuVaKa.19  10.666719407597638  0.00000073  -0.00000000  0 1 0 1 27 e   143.64276623
   81BuVaKa.20  11.047419778652337  0.00000073  -0.00000000  0 1 0 1 29 e   165.35690542

28) 0 1 0 1 29 e  in component 2 = 165.35690542
   81BuVaKa.20  11.047419778652337  0.00000073  -0.00000000  0 1 0 1 28 e   154.30948564
   81BuVaKa.21  11.4280947988358  0.00000073  -0.00000000  0 1 0 1 30 e   176.78500021

29) 0 1 0 1 30 e  in component 2 = 176.78500021
   81BuVaKa.21  11.4280947988358  0.00000073  -0.00000000  0 1 0 1 29 e   165.35690542
   81BuVaKa.22  11.80874083229939  0.00000073  -0.00000000  0 1 0 1 31 e   188.59374105

30) 0 1 0 1 31 e  in component 2 = 188.59374105
   81BuVaKa.22  11.80874083229939  0.00000073  -0.00000000  0 1 0 1 30 e   176.78500021
   81BuVaKa.23  12.18935841274566  0.00000073  -0.00000000  0 1 0 1 32 e   200.78309946

31) 0 1 0 1 32 e  in component 2 = 200.78309946
   81BuVaKa.23  12.18935841274566  0.00000073  -0.00000000  0 1 0 1 31 e   188.59374105

32) 0 1 0 1 41 e  in component 3 = -1.00000000
   81BuVaKa.24  15.993767961967876  0.00000073  15.99376796  0 1 0 1 42 e   -1.00000000

33) 0 1 0 1 42 e  in component 3 = -1.00000000
   81BuVaKa.24  15.993767961967876  0.00000073  15.99376796  0 1 0 1 41 e   -1.00000000
   73MaJo.4  0.3401623265652667  0.00000233  0.34016233  0 1 0 1 42 f   -1.00000000

34) 0 1 0 1 43 e  in component 4 = -1.00000000
   81BuVaKa.25  16.75421717913931  0.00000073  16.75421718  0 1 0 1 44 e   -1.00000000

35) 0 1 0 1 44 e  in component 4 = -1.00000000
   81BuVaKa.25  16.75421717913931  0.00000073  16.75421718  0 1 0 1 43 e   -1.00000000
   73MaJo.5  0.37289463766296616  0.00000334  0.37289464  0 1 0 1 44 f   -1.00000000

36) 0 1 0 1 1 f  in component 2 = 0.00037715
   81BuVaKa.26  0.7629020473890641  0.00000067  -0.00000049  0 1 0 1 2 f   0.76327968
   82KiMi.5  0.7629020473890641  0.00000334  -0.00000049  0 1 0 1 2 f   0.76327968
   74ReDy.8  0.0003771459120562666  0.00000002  -0.00000000  0 1 0 1 1 e   0.00000000
   73MaJo.30  0.7629020473890641  0.00000067  -0.00000049  0 1 0 1 2 f   0.76327968

37) 0 1 0 1 3 e  in component 2 = 1.90536871
   81BuVaKa.27  1.143221554959865  0.00000158  0.00000115  0 1 0 1 2 e   0.76214830
   74ReDy.10  0.0022627487179814245  0.00000003  0.00000000  0 1 0 1 3 f   1.90763146
   73MaJo.37  1.143221554959865  0.00000158  0.00000115  0 1 0 1 2 e   0.76214830
   82KiMi.25  1.143221554959865  0.00000334  0.00000115  0 1 0 1 2 e   0.76214830
   82KiMi.38  1.5242911814679474  0.00000334  0.00000038  0 1 0 1 4 e   3.42965951

38) 0 1 0 1 26 f  in component 5 = -1.00000000
   81BuVaKa.28  10.296166489952192  0.00000073  10.29616649  0 1 0 1 27 f   -1.00000000

39) 0 1 0 1 27 f  in component 5 = -1.00000000
   81BuVaKa.28  10.296166489952192  0.00000073  10.29616649  0 1 0 1 26 f   -1.00000000

40) 0 1 0 1 28 f  in component 6 = -1.00000000
   81BuVaKa.29  11.05834577065978  0.00000073  11.05834577  0 1 0 1 29 f   -1.00000000

41) 0 1 0 1 29 f  in component 6 = -1.00000000
   81BuVaKa.29  11.05834577065978  0.00000073  11.05834577  0 1 0 1 28 f   -1.00000000
   81BuVaKa.30  11.439394382629866  0.00000073  11.43939438  0 1 0 1 30 f   -1.00000000

42) 0 1 0 1 30 f  in component 6 = -1.00000000
   81BuVaKa.30  11.439394382629866  0.00000073  11.43939438  0 1 0 1 29 f   -1.00000000
   81BuVaKa.31  11.820417610372306  0.00000073  11.82041761  0 1 0 1 31 f   -1.00000000

43) 0 1 0 1 31 f  in component 6 = -1.00000000
   81BuVaKa.31  11.820417610372306  0.00000073  11.82041761  0 1 0 1 30 f   -1.00000000
   81BuVaKa.32  12.201411084197455  0.00000073  12.20141108  0 1 0 1 32 f   -1.00000000

44) 0 1 0 1 32 f  in component 6 = -1.00000000
   81BuVaKa.32  12.201411084197455  0.00000073  12.20141108  0 1 0 1 31 f   -1.00000000

45) 0 1 0 1 41 f  in component 3 = -1.00000000
   81BuVaKa.33  16.009573029352193  0.00000073  16.00957303  0 1 0 1 42 f   -1.00000000

46) 0 1 0 1 42 f  in component 3 = -1.00000000
   81BuVaKa.33  16.009573029352193  0.00000073  16.00957303  0 1 0 1 41 f   -1.00000000
   73MaJo.4  0.3401623265652667  0.00000233  0.34016233  0 1 0 1 42 e   -1.00000000

47) 0 1 0 1 43 f  in component 4 = -1.00000000
   81BuVaKa.34  16.770769163245593  0.00000073  16.77076916  0 1 0 1 44 f   -1.00000000

48) 0 1 0 1 44 f  in component 4 = -1.00000000
   81BuVaKa.34  16.770769163245593  0.00000073  16.77076916  0 1 0 1 43 f   -1.00000000
   73MaJo.5  0.37289463766296616  0.00000334  0.37289464  0 1 0 1 44 e   -1.00000000

49) 1 0 0 0 1 e  in component 7 = -1.00000000
   81BuVaKa.35  0.7590107553673014  0.00000067  0.75901076  1 0 0 0 2 e   -1.00000000
   82KiMi.2  0.37950554446569834  0.00000334  0.37950554  1 0 0 0 0 e   -1.00000000
   82KiMi.6  0.7590107553673014  0.00000334  0.75901076  1 0 0 0 2 e   -1.00000000
   82KiMi.23  0.7590107553673014  0.00000334  0.75901076  1 0 0 0 2 e   -1.00000000
   73MaJo.14  0.7590107553673014  0.00000067  0.75901076  1 0 0 0 2 e   -1.00000000

50) 1 0 0 0 2 e  in component 7 = -1.00000000
   81BuVaKa.35  0.7590107553673014  0.00000067  0.75901076  1 0 0 0 1 e   -1.00000000
   81BuVaKa.36  1.1385086278588101  0.00000033  1.13850863  1 0 0 0 3 e   -1.00000000
   82KiMi.6  0.7590107553673014  0.00000334  0.75901076  1 0 0 0 1 e   -1.00000000
   82KiMi.23  0.7590107553673014  0.00000334  0.75901076  1 0 0 0 1 e   -1.00000000
   73MaJo.14  0.7590107553673014  0.00000067  0.75901076  1 0 0 0 1 e   -1.00000000
   73MaJo.17  1.1385152991407141  0.00000660  1.13851530  1 0 0 0 3 e   -1.00000000
   82KiMi.36  1.1385152991407141  0.00000660  1.13851530  1 0 0 0 3 e   -1.00000000

51) 1 0 0 0 3 e  in component 7 = -1.00000000
   81BuVaKa.36  1.1385086278588101  0.00000033  1.13850863  1 0 0 0 2 e   -1.00000000
   73MaJo.17  1.1385152991407141  0.00000660  1.13851530  1 0 0 0 2 e   -1.00000000
   82KiMi.36  1.1385152991407141  0.00000660  1.13851530  1 0 0 0 2 e   -1.00000000

52) 1 0 0 0 10 e  in component 8 = -1.00000000
   81BuVaKa.37  4.174354512947754  0.00000267  4.17435451  1 0 0 0 11 e   -1.00000000
   73MaJo.20  4.174358849280992  0.00000267  4.17435885  1 0 0 0 11 e   -1.00000000

53) 1 0 0 0 11 e  in component 8 = -1.00000000
   81BuVaKa.37  4.174354512947754  0.00000267  4.17435451  1 0 0 0 10 e   -1.00000000
   73MaJo.20  4.174358849280992  0.00000267  4.17435885  1 0 0 0 10 e   -1.00000000

54) 1 0 0 0 31 e  in component 9 = -1.00000000
   81BuVaKa.38  12.139131265270189  0.00000227  12.13913127  1 0 0 0 32 e   -1.00000000

55) 1 0 0 0 32 e  in component 9 = -1.00000000
   81BuVaKa.38  12.139131265270189  0.00000227  12.13913127  1 0 0 0 31 e   -1.00000000

56) 0 2 0 0 1 e  in component 0 = -1.00000000
   81BuVaKa.39  0.7635836856176015  0.00000067  0.76358369  0 2 0 0 2 e   -1.00000000
   82KiMi.7  0.7635836856176015  0.00000334  0.76358369  0 2 0 0 2 e   -1.00000000
   82KiMi.15  0.7635836856176015  0.00000334  0.76358369  0 2 0 0 2 e   -1.00000000
   73MaJo.13  0.7635836856176015  0.00000067  0.76358369  0 2 0 0 2 e   -1.00000000
   79WePeMa.3  1035.456579  0.00006671  1035.45657900  0 0 0 0 2 e   -1.00000000

57) 0 2 0 0 2 e  in component 0 = -1.00000000
   81BuVaKa.39  0.7635836856176015  0.00000067  0.76358369  0 2 0 0 1 e   -1.00000000
   81BuVaKa.40  1.1453740440661784  0.00000033  1.14537404  0 2 0 0 3 e   -1.00000000
   82KiMi.7  0.7635836856176015  0.00000334  0.76358369  0 2 0 0 1 e   -1.00000000
   82KiMi.15  0.7635836856176015  0.00000334  0.76358369  0 2 0 0 1 e   -1.00000000
   73MaJo.13  0.7635836856176015  0.00000067  0.76358369  0 2 0 0 1 e   -1.00000000
   73MaJo.15  1.1453740440661784  0.00000334  1.14537404  0 2 0 0 3 e   -1.00000000
   82KiMi.28  1.1453740440661784  0.00000334  1.14537404  0 2 0 0 3 e   -1.00000000

58) 0 2 0 0 3 e  in component 0 = -1.00000000
   81BuVaKa.40  1.1453740440661784  0.00000033  1.14537404  0 2 0 0 2 e   -1.00000000
   73MaJo.15  1.1453740440661784  0.00000334  1.14537404  0 2 0 0 2 e   -1.00000000
   82KiMi.28  1.1453740440661784  0.00000334  1.14537404  0 2 0 0 2 e   -1.00000000

59) 0 2 0 0 10 e  in component 10 = -1.00000000
   81BuVaKa.41  4.199535266494262  0.00000043  4.19953527  0 2 0 0 11 e   -1.00000000
   73MaJo.18  4.199535266494262  0.00000434  4.19953527  0 2 0 0 11 e   -1.00000000

60) 0 2 0 0 11 e  in component 10 = -1.00000000
   81BuVaKa.41  4.199535266494262  0.00000043  4.19953527  0 2 0 0 10 e   -1.00000000
   73MaJo.18  4.199535266494262  0.00000434  4.19953527  0 2 0 0 10 e   -1.00000000

61) 0 2 0 0 31 e  in component 11 = -1.00000000
   81BuVaKa.42  12.213072751816858  0.00000053  12.21307275  0 2 0 0 32 e   -1.00000000

62) 0 2 0 0 32 e  in component 11 = -1.00000000
   81BuVaKa.42  12.213072751816858  0.00000053  12.21307275  0 2 0 0 31 e   -1.00000000

63) 0 2 0 2 2 e  in component 12 = -1.00000000
   81BuVaKa.43  1.145795102023547  0.00000083  1.14579510  0 2 0 2 3 e   -1.00000000
   73MaJo.16  1.145795102023547  0.00000100  1.14579510  0 2 0 2 3 e   -1.00000000
   82KiMi.27  1.145795102023547  0.00000334  1.14579510  0 2 0 2 3 e   -1.00000000

64) 0 2 0 2 3 e  in component 12 = -1.00000000
   81BuVaKa.43  1.145795102023547  0.00000083  1.14579510  0 2 0 2 2 e   -1.00000000
   73MaJo.16  1.145795102023547  0.00000100  1.14579510  0 2 0 2 2 e   -1.00000000
   82KiMi.27  1.145795102023547  0.00000334  1.14579510  0 2 0 2 2 e   -1.00000000

65) 0 2 0 2 10 e  in component 13 = -1.00000000
   81BuVaKa.44  4.201029300076655  0.00000133  4.20102930  0 2 0 2 11 e   -1.00000000
   73MaJo.19  4.201029300076655  0.00000133  4.20102930  0 2 0 2 11 e   -1.00000000

66) 0 2 0 2 11 e  in component 13 = -1.00000000
   81BuVaKa.44  4.201029300076655  0.00000133  4.20102930  0 2 0 2 10 e   -1.00000000
   73MaJo.19  4.201029300076655  0.00000133  4.20102930  0 2 0 2 10 e   -1.00000000

67) 0 2 0 2 31 e  in component 14 = -1.00000000
   81BuVaKa.45  12.215948741445658  0.00000053  12.21594874  0 2 0 2 32 e   -1.00000000

68) 0 2 0 2 32 e  in component 14 = -1.00000000
   81BuVaKa.45  12.215948741445658  0.00000053  12.21594874  0 2 0 2 31 e   -1.00000000

69) 0 2 0 2 2 f  in component 15 = -1.00000000
   81BuVaKa.46  1.145795102023547  0.00000083  1.14579510  0 2 0 2 3 f   -1.00000000
   73MaJo.45  1.145795102023547  0.00000100  1.14579510  0 2 0 2 3 f   -1.00000000

70) 0 2 0 2 3 f  in component 15 = -1.00000000
   81BuVaKa.46  1.145795102023547  0.00000083  1.14579510  0 2 0 2 2 f   -1.00000000
   73MaJo.45  1.145795102023547  0.00000100  1.14579510  0 2 0 2 2 f   -1.00000000

71) 0 2 0 2 10 f  in component 16 = -1.00000000
   81BuVaKa.47  4.201058653717032  0.00000100  4.20105865  0 2 0 2 11 f   -1.00000000
   73MaJo.46  4.201058653717032  0.00000100  4.20105865  0 2 0 2 11 f   -1.00000000

72) 0 2 0 2 11 f  in component 16 = -1.00000000
   81BuVaKa.47  4.201058653717032  0.00000100  4.20105865  0 2 0 2 10 f   -1.00000000
   73MaJo.46  4.201058653717032  0.00000100  4.20105865  0 2 0 2 10 f   -1.00000000

73) 0 2 0 2 31 f  in component 17 = -1.00000000
   81BuVaKa.48  12.216741623299942  0.00000053  12.21674162  0 2 0 2 32 f   -1.00000000

74) 0 2 0 2 32 f  in component 17 = -1.00000000
   81BuVaKa.48  12.216741623299942  0.00000053  12.21674162  0 2 0 2 31 f   -1.00000000

75) 0 0 0 0 5 e  in component 0 = -1.00000000
   80DuDeBuBo.3  2.283489333143931  0.00000100  2.28348933  0 0 0 0 6 e   -1.00000000
   82KiMi.40  2.2834914012413217  0.00000334  2.28349140  0 0 0 0 6 e   -1.00000000
   82KiMi.43  1.9029177845427987  0.00000334  1.90291778  0 0 0 0 4 e   -1.00000000

76) 0 0 0 0 6 e  in component 0 = -1.00000000
   80DuDeBuBo.3  2.283489333143931  0.00000100  2.28348933  0 0 0 0 5 e   -1.00000000
   80DuDeBuBo.4  2.664057879668207  0.00000067  2.66405788  0 0 0 0 7 e   -1.00000000
   82KiMi.40  2.2834914012413217  0.00000334  2.28349140  0 0 0 0 5 e   -1.00000000
   82KiMi.46  2.664059347350226  0.00000334  2.66405935  0 0 0 0 7 e   -1.00000000

77) 0 0 0 0 7 e  in component 0 = -1.00000000
   80DuDeBuBo.4  2.664057879668207  0.00000067  2.66405788  0 0 0 0 6 e   -1.00000000
   82KiMi.46  2.664059347350226  0.00000334  2.66405935  0 0 0 0 6 e   -1.00000000
   82KiMi.49  3.0446212893054168  0.00000334  3.04462129  0 0 0 0 8 e   -1.00000000

78) 0 0 0 0 12 e  in component 0 = -1.00000000
   80DuDeBuBo.6  4.5667844986280475  0.00000100  4.56678450  0 0 0 0 11 e   -1.00000000
   80DuDeBuBo.7  4.947300708945787  0.00000100  4.94730071  0 0 0 0 13 e   -1.00000000
   82KiMi.61  4.566786333230571  0.00000334  4.56678633  0 0 0 0 11 e   -1.00000000
   82KiMi.67  4.94730257690472  0.00000334  4.94730258  0 0 0 0 13 e   -1.00000000

79) 0 0 0 0 13 e  in component 0 = -1.00000000
   80DuDeBuBo.7  4.947300708945787  0.00000100  4.94730071  0 0 0 0 12 e   -1.00000000
   80DuDeBuBo.8  5.327804944312509  0.00000067  5.32780494  0 0 0 0 14 e   -1.00000000
   82KiMi.64  5.3278071458355365  0.00000334  5.32780715  0 0 0 0 14 e   -1.00000000
   82KiMi.67  4.94730257690472  0.00000334  4.94730258  0 0 0 0 12 e   -1.00000000

80) 0 0 0 0 14 e  in component 0 = -1.00000000
   80DuDeBuBo.8  5.327804944312509  0.00000067  5.32780494  0 0 0 0 13 e   -1.00000000
   82KiMi.64  5.3278071458355365  0.00000334  5.32780715  0 0 0 0 13 e   -1.00000000
   82KiMi.70  5.708298705766641  0.00000334  5.70829871  0 0 0 0 15 e   -1.00000000

81) 0 0 0 0 16 e  in component 0 = -1.00000000
   80DuDeBuBo.9  6.469238328870835  0.00000100  6.46923833  0 0 0 0 17 e   -1.00000000
   82KiMi.73  6.088776923133937  0.00000334  6.08877692  0 0 0 0 15 e   -1.00000000
   82KiMi.79  6.469240463681044  0.00000334  6.46924046  0 0 0 0 17 e   -1.00000000

82) 0 0 0 0 17 e  in component 0 = -1.00000000
   80DuDeBuBo.9  6.469238328870835  0.00000100  6.46923833  0 0 0 0 16 e   -1.00000000
   80DuDeBuBo.10  6.8496850577875446  0.00000100  6.84968506  0 0 0 0 18 e   -1.00000000
   82KiMi.76  6.849688660279773  0.00000348  6.84968866  0 0 0 0 18 e   -1.00000000
   82KiMi.79  6.469240463681044  0.00000334  6.46924046  0 0 0 0 16 e   -1.00000000

83) 0 0 0 0 18 e  in component 0 = -1.00000000
   80DuDeBuBo.10  6.8496850577875446  0.00000100  6.84968506  0 0 0 0 17 e   -1.00000000
   80DuDeBuBo.11  7.230118110576351  0.00000100  7.23011811  0 0 0 0 19 e   -1.00000000
   82KiMi.76  6.849688660279773  0.00000348  6.84968866  0 0 0 0 17 e   -1.00000000
   82KiMi.82  7.2301205122378365  0.00000334  7.23012051  0 0 0 0 19 e   -1.00000000

84) 0 0 0 0 19 e  in component 0 = -1.00000000
   80DuDeBuBo.11  7.230118110576351  0.00000100  7.23011811  0 0 0 0 18 e   -1.00000000
   80DuDeBuBo.12  7.610532550488645  0.00000100  7.61053255  0 0 0 0 20 e   -1.00000000
   82KiMi.82  7.2301205122378365  0.00000334  7.23012051  0 0 0 0 18 e   -1.00000000
   82KiMi.85  7.61053501886295  0.00000334  7.61053502  0 0 0 0 20 e   -1.00000000

85) 0 0 0 0 20 e  in component 0 = -1.00000000
   80DuDeBuBo.12  7.610532550488645  0.00000100  7.61053255  0 0 0 0 19 e   -1.00000000
   80DuDeBuBo.13  7.990929478285941  0.00000100  7.99092948  0 0 0 0 21 e   -1.00000000
   82KiMi.85  7.61053501886295  0.00000334  7.61053502  0 0 0 0 19 e   -1.00000000
   82KiMi.91  7.990931179462827  0.00000334  7.99093118  0 0 0 0 21 e   -1.00000000

86) 0 0 0 0 21 e  in component 0 = -1.00000000
   80DuDeBuBo.13  7.990929478285941  0.00000100  7.99092948  0 0 0 0 20 e   -1.00000000
   82KiMi.88  8.371308660473373  0.00000334  8.37130866  0 0 0 0 22 e   -1.00000000
   82KiMi.91  7.990931179462827  0.00000334  7.99093118  0 0 0 0 20 e   -1.00000000

87) 0 0 0 0 23 e  in component 0 = -1.00000000
   80DuDeBuBo.14  9.132002713690683  0.00000100  9.13200271  0 0 0 0 24 e   -1.00000000
   82KiMi.94  8.751665794074114  0.00000334  8.75166579  0 0 0 0 22 e   -1.00000000
   82KiMi.97  9.132002246700948  0.00000334  9.13200225  0 0 0 0 24 e   -1.00000000
   85HuFoJoMc.7  2016.80439  0.00030000  2016.80439000  0 0 1 0 22 e   -1.00000000

88) 0 0 0 0 24 e  in component 0 = -1.00000000
   80DuDeBuBo.14  9.132002713690683  0.00000100  9.13200271  0 0 0 0 23 e   -1.00000000
   82KiMi.97  9.132002246700948  0.00000334  9.13200225  0 0 0 0 23 e   -1.00000000
   82KiMi.100  9.512316684097502  0.00000334  9.51231668  0 0 0 0 25 e   -1.00000000
   85HuFoJoMc.6  2016.37045  0.00030000  2016.37045000  0 0 1 0 23 e   -1.00000000

89) 0 0 0 0 25 e  in component 0 = -1.00000000
   80DuDeBuBo.15  9.892609439827869  0.00000100  9.89260944  0 0 0 0 26 e   -1.00000000
   82KiMi.100  9.512316684097502  0.00000334  9.51231668  0 0 0 0 24 e   -1.00000000
   85HuFoJoMc.5  2015.9342  0.00030000  2015.93420000  0 0 1 0 24 e   -1.00000000

90) 0 1 0 1 68 e  in component 18 = -1.00000000
   80Landsberg.1  1070.59  0.07000000  1070.59000000  0 3 0 1 69 e   -1.00000000

91) 0 3 0 1 69 e  in component 18 = -1.00000000
   80Landsberg.1  1070.59  0.07000000  1070.59000000  0 1 0 1 68 e   -1.00000000

92) 0 1 0 1 68 f  in component 19 = -1.00000000
   80Landsberg.2  1071.48  0.07000000  1071.48000000  0 3 0 1 69 f   -1.00000000

93) 0 3 0 1 69 f  in component 19 = -1.00000000
   80Landsberg.2  1071.48  0.07000000  1071.48000000  0 1 0 1 68 f   -1.00000000

94) 0 0 0 0 0 e  in component 0 = -1.00000000
   82KiMi.1  0.38058729282642595  0.00000334  0.38058729  0 0 0 0 1 e   -1.00000000
   87LoSu.1  0.3805868925495117  0.00000013  0.38058689  0 0 0 0 1 e   -1.00000000

95) 1 0 0 0 0 e  in component 7 = -1.00000000
   82KiMi.2  0.37950554446569834  0.00000334  0.37950554  1 0 0 0 1 e   -1.00000000

96) 1 1 0 1 1 e  in component 20 = -1.00000000
   82KiMi.8  0.760145373637118  0.00000334  0.76014537  1 1 0 1 2 e   -1.00000000
   82KiMi.22  0.760145373637118  0.00000334  0.76014537  1 1 0 1 2 e   -1.00000000
   73MaJo.40  0.760145373637118  0.00000133  0.76014537  1 1 0 1 2 e   -1.00000000

97) 1 1 0 1 2 e  in component 20 = -1.00000000
   82KiMi.8  0.760145373637118  0.00000334  0.76014537  1 1 0 1 1 e   -1.00000000
   82KiMi.22  0.760145373637118  0.00000334  0.76014537  1 1 0 1 1 e   -1.00000000
   73MaJo.40  0.760145373637118  0.00000133  0.76014537  1 1 0 1 1 e   -1.00000000
   73MaJo.42  1.1402171431544152  0.00000500  1.14021714  1 1 0 1 3 e   -1.00000000
   82KiMi.29  1.1402171431544152  0.00000334  1.14021714  1 1 0 1 3 e   -1.00000000

98) 1 1 0 1 1 f  in component 21 = -1.00000000
   82KiMi.9  0.7609520984013547  0.00000334  0.76095210  1 1 0 1 2 f   -1.00000000
   82KiMi.21  0.7609521984705833  0.00000334  0.76095220  1 1 0 1 2 f   -1.00000000
   73MaJo.33  0.7609521984705833  0.00000133  0.76095220  1 1 0 1 2 f   -1.00000000

99) 1 1 0 1 2 f  in component 21 = -1.00000000
   82KiMi.9  0.7609520984013547  0.00000334  0.76095210  1 1 0 1 1 f   -1.00000000
   82KiMi.21  0.7609521984705833  0.00000334  0.76095220  1 1 0 1 1 f   -1.00000000
   73MaJo.33  0.7609521984705833  0.00000133  0.76095220  1 1 0 1 1 f   -1.00000000
   73MaJo.35  1.141428014176394  0.00000100  1.14142801  1 1 0 1 3 f   -1.00000000
   82KiMi.30  1.141428014176394  0.00000334  1.14142801  1 1 0 1 3 f   -1.00000000

100) 0 3 0 1 1 f  in component 22 = -1.00000000
   82KiMi.10  0.7654142853720489  0.00000334  0.76541429  0 3 0 1 2 f   -1.00000000
   82KiMi.13  0.7654142186592299  0.00000334  0.76541422  0 3 0 1 2 f   -1.00000000
   82KiMi.19  0.7654142186592299  0.00000334  0.76541422  0 3 0 1 2 f   -1.00000000
   73MaJo.32  0.7654142853720489  0.00000133  0.76541429  0 3 0 1 2 f   -1.00000000

101) 0 3 0 1 2 f  in component 22 = -1.00000000
   82KiMi.10  0.7654142853720489  0.00000334  0.76541429  0 3 0 1 1 f   -1.00000000
   82KiMi.13  0.7654142186592299  0.00000334  0.76541422  0 3 0 1 1 f   -1.00000000
   82KiMi.19  0.7654142186592299  0.00000334  0.76541422  0 3 0 1 1 f   -1.00000000
   73MaJo.32  0.7654142853720489  0.00000133  0.76541429  0 3 0 1 1 f   -1.00000000
   73MaJo.34  1.148121945082421  0.00000500  1.14812195  0 3 0 1 3 f   -1.00000000
   82KiMi.32  1.148121945082421  0.00000334  1.14812195  0 3 0 1 3 f   -1.00000000

102) 0 3 0 1 1 e  in component 23 = -1.00000000
   82KiMi.11  0.7639456026608915  0.00000334  0.76394560  0 3 0 1 2 e   -1.00000000
   82KiMi.14  0.7639456026608915  0.00000334  0.76394560  0 3 0 1 2 e   -1.00000000
   82KiMi.17  0.7639456026608915  0.00000334  0.76394560  0 3 0 1 2 e   -1.00000000
   73MaJo.39  0.7639456026608915  0.00000100  0.76394560  0 3 0 1 2 e   -1.00000000

103) 0 3 0 1 2 e  in component 23 = -1.00000000
   82KiMi.11  0.7639456026608915  0.00000334  0.76394560  0 3 0 1 1 e   -1.00000000
   82KiMi.14  0.7639456026608915  0.00000334  0.76394560  0 3 0 1 1 e   -1.00000000
   82KiMi.17  0.7639456026608915  0.00000334  0.76394560  0 3 0 1 1 e   -1.00000000
   73MaJo.39  0.7639456026608915  0.00000100  0.76394560  0 3 0 1 1 e   -1.00000000
   73MaJo.41  1.1459176868285326  0.00000133  1.14591769  0 3 0 1 3 e   -1.00000000
   82KiMi.31  1.1459176868285326  0.00000334  1.14591769  0 3 0 1 3 e   -1.00000000

104) 2 0 0 0 1 e  in component 24 = -1.00000000
   82KiMi.12  0.7568076979441557  0.00000334  0.75680770  2 0 0 0 2 e   -1.00000000
   82KiMi.24  0.7568076979441557  0.00000334  0.75680770  2 0 0 0 2 e   -1.00000000
   73MaJo.23  0.7568076979441557  0.00000133  0.75680770  2 0 0 0 2 e   -1.00000000

105) 2 0 0 0 2 e  in component 24 = -1.00000000
   82KiMi.12  0.7568076979441557  0.00000334  0.75680770  2 0 0 0 1 e   -1.00000000
   82KiMi.24  0.7568076979441557  0.00000334  0.75680770  2 0 0 0 1 e   -1.00000000
   73MaJo.23  0.7568076979441557  0.00000133  0.75680770  2 0 0 0 1 e   -1.00000000
   82KiMi.33  1.1352116803418717  0.00000334  1.13521168  2 0 0 0 3 e   -1.00000000

106) 1 2 0 0 1 e  in component 25 = -1.00000000
   82KiMi.18  0.7617022840514553  0.00000334  0.76170228  1 2 0 0 2 e   -1.00000000
   73MaJo.22  0.7617022840514553  0.00000334  0.76170228  1 2 0 0 2 e   -1.00000000

107) 1 2 0 0 2 e  in component 25 = -1.00000000
   82KiMi.18  0.7617022840514553  0.00000334  0.76170228  1 2 0 0 1 e   -1.00000000
   73MaJo.22  0.7617022840514553  0.00000334  0.76170228  1 2 0 0 1 e   -1.00000000
   73MaJo.24  1.1425517582567069  0.00000233  1.14255176  1 2 0 0 3 e   -1.00000000
   82KiMi.35  1.1425517582567069  0.00000334  1.14255176  1 2 0 0 3 e   -1.00000000

108) 0 1 0 1 4 e  in component 2 = 3.42965951
   74ReDy.11  0.0037712256256960276  0.00000003  -0.00000000  0 1 0 1 4 f   3.43343073
   82KiMi.38  1.5242911814679474  0.00000334  0.00000038  0 1 0 1 3 e   1.90536871
   82KiMi.44  1.9053548038223163  0.00000334  0.00000047  0 1 0 1 5 e   5.33501384

109) 0 1 0 1 4 f  in component 2 = 3.43343073
   74ReDy.11  0.0037712256256960276  0.00000003  -0.00000000  0 1 0 1 4 e   3.42965951
   82KiMi.39  1.525798891178243  0.00000334  -0.00000038  0 1 0 1 3 f   1.90763146
   82KiMi.45  1.9072394409601858  0.00000334  -0.00000047  0 1 0 1 5 f   5.34067065

110) 0 1 0 1 5 e  in component 2 = 5.33501384
   74ReDy.12  0.005656808417775473  0.00000003  0.00000000  0 1 0 1 5 f   5.34067065
   82KiMi.41  2.2864150905357334  0.00000334  -0.00000112  0 1 0 1 6 e   7.62143005
   82KiMi.44  1.9053548038223163  0.00000334  0.00000047  0 1 0 1 4 e   3.42965951

111) 0 1 0 1 5 f  in component 2 = 5.34067065
   74ReDy.12  0.005656808417775473  0.00000003  0.00000000  0 1 0 1 5 e   5.33501384
   82KiMi.42  2.2886799907421285  0.00000334  0.00000112  0 1 0 1 6 f   7.62934952
   82KiMi.45  1.9072394409601858  0.00000334  -0.00000047  0 1 0 1 4 f   3.43343073

112) 0 1 0 1 6 e  in component 2 = 7.62143005
   74ReDy.13  0.007919470409092145  0.00000003  -0.00000000  0 1 0 1 6 f   7.62934952
   82KiMi.41  2.2864150905357334  0.00000334  -0.00000112  0 1 0 1 5 e   5.33501384
   82KiMi.47  2.6674687059672464  0.00000334  -0.00000105  0 1 0 1 7 e   10.28889980

113) 0 1 0 1 6 f  in component 2 = 7.62934952
   74ReDy.13  0.007919470409092145  0.00000003  -0.00000000  0 1 0 1 6 e   7.62143005
   82KiMi.42  2.2886799907421285  0.00000334  0.00000112  0 1 0 1 5 f   5.34067065
   82KiMi.48  2.6701105336012154  0.00000334  0.00000105  0 1 0 1 7 f   10.29945900

114) 0 1 0 1 7 e  in component 2 = 10.28889980
   74ReDy.14  0.010559199924902713  0.00000003  -0.00000000  0 1 0 1 7 f   10.29945900
   82KiMi.47  2.6674687059672464  0.00000334  -0.00000105  0 1 0 1 6 e   7.62143005
   82KiMi.50  3.048518985757807  0.00000334  -0.00000000  0 1 0 1 8 e   13.33741879

115) 0 1 0 1 7 f  in component 2 = 10.29945900
   74ReDy.14  0.010559199924902713  0.00000003  -0.00000000  0 1 0 1 7 e   10.28889980
   82KiMi.48  2.6701105336012154  0.00000334  0.00000105  0 1 0 1 6 f   7.62934952
   82KiMi.51  3.0515344051783986  0.00000334  -0.00000000  0 1 0 1 8 f   13.35099341

116) 0 1 0 1 38 e  in component 26 = -1.00000000
   73MaJo.1  0.27919214698856765  0.00000233  0.27919215  0 1 0 1 38 f   -1.00000000

117) 0 1 0 1 38 f  in component 26 = -1.00000000
   73MaJo.1  0.27919214698856765  0.00000233  0.27919215  0 1 0 1 38 e   -1.00000000

118) 0 1 0 1 39 e  in component 27 = -1.00000000
   73MaJo.2  0.293869967869572  0.00000233  0.29386997  0 1 0 1 39 f   -1.00000000

119) 0 1 0 1 39 f  in component 27 = -1.00000000
   73MaJo.2  0.293869967869572  0.00000233  0.29386997  0 1 0 1 39 e   -1.00000000

120) 0 1 0 1 40 e  in component 28 = -1.00000000
   73MaJo.3  0.30892571687043574  0.00000233  0.30892572  0 1 0 1 40 f   -1.00000000

121) 0 1 0 1 40 f  in component 28 = -1.00000000
   73MaJo.3  0.30892571687043574  0.00000233  0.30892572  0 1 0 1 40 e   -1.00000000

122) 0 1 0 1 45 e  in component 29 = -1.00000000
   73MaJo.6  0.38982268193017716  0.00000334  0.38982268  0 1 0 1 45 f   -1.00000000

123) 0 1 0 1 45 f  in component 29 = -1.00000000
   73MaJo.6  0.38982268193017716  0.00000334  0.38982268  0 1 0 1 45 e   -1.00000000

124) 0 1 0 1 47 e  in component 30 = -1.00000000
   73MaJo.7  0.4248018807731314  0.00000233  0.42480188  0 1 0 1 47 f   -1.00000000

125) 0 1 0 1 47 f  in component 30 = -1.00000000
   73MaJo.7  0.4248018807731314  0.00000233  0.42480188  0 1 0 1 47 e   -1.00000000

126) 0 1 0 1 48 e  in component 31 = -1.00000000
   73MaJo.8  0.4428533689129698  0.00000233  0.44285337  0 1 0 1 48 f   -1.00000000

127) 0 1 0 1 48 f  in component 31 = -1.00000000
   73MaJo.8  0.4428533689129698  0.00000233  0.44285337  0 1 0 1 48 e   -1.00000000

128) 0 1 0 1 50 e  in component 32 = -1.00000000
   73MaJo.9  0.4800721170910844  0.00000334  0.48007212  0 1 0 1 50 f   -1.00000000

129) 0 1 0 1 50 f  in component 32 = -1.00000000
   73MaJo.9  0.4800721170910844  0.00000334  0.48007212  0 1 0 1 50 e   -1.00000000

130) 0 0 1 0 1 e  in component 33 = -1.00000000
   73MaJo.21  0.7565026869355066  0.00000267  0.75650269  0 0 1 0 2 e   -1.00000000

131) 0 0 1 0 2 e  in component 33 = -1.00000000
   73MaJo.21  0.7565026869355066  0.00000267  0.75650269  0 0 1 0 1 e   -1.00000000

132) 1 2 0 0 3 e  in component 25 = -1.00000000
   73MaJo.24  1.1425517582567069  0.00000233  1.14255176  1 2 0 0 2 e   -1.00000000
   82KiMi.35  1.1425517582567069  0.00000334  1.14255176  1 2 0 0 2 e   -1.00000000

133) 1 2 0 2 2 e  in component 34 = -1.00000000
   73MaJo.25  1.1430617777582648  0.00000334  1.14306178  1 2 0 2 3 e   -1.00000000
   82KiMi.34  1.1430617777582648  0.00000334  1.14306178  1 2 0 2 3 e   -1.00000000

134) 1 2 0 2 3 e  in component 34 = -1.00000000
   73MaJo.25  1.1430617777582648  0.00000334  1.14306178  1 2 0 2 2 e   -1.00000000
   82KiMi.34  1.1430617777582648  0.00000334  1.14306178  1 2 0 2 2 e   -1.00000000

135) 0 4 0 2 4 e  in component 35 = -1.00000000
   73MaJo.26  1.914471444108177  0.00000267  1.91447144  0 4 0 2 5 e   -1.00000000

136) 0 4 0 2 5 e  in component 35 = -1.00000000
   73MaJo.26  1.914471444108177  0.00000267  1.91447144  0 4 0 2 4 e   -1.00000000

137) 0 4 0 4 4 e  in component 36 = -1.00000000
   73MaJo.27  1.9162576798379631  0.00000334  1.91625768  0 4 0 4 5 e   -1.00000000

138) 0 4 0 4 5 e  in component 36 = -1.00000000
   73MaJo.27  1.9162576798379631  0.00000334  1.91625768  0 4 0 4 4 e   -1.00000000

139) 0 4 0 4 10 e  in component 37 = -1.00000000
   73MaJo.28  4.215586037191103  0.00000667  4.21558604  0 4 0 4 11 e   -1.00000000

140) 0 4 0 4 11 e  in component 37 = -1.00000000
   73MaJo.28  4.215586037191103  0.00000667  4.21558604  0 4 0 4 10 e   -1.00000000

141) 1 2 0 2 10 e  in component 38 = -1.00000000
   73MaJo.29  4.190979681016525  0.00000500  4.19097968  1 2 0 2 11 e   -1.00000000

142) 1 2 0 2 11 e  in component 38 = -1.00000000
   73MaJo.29  4.190979681016525  0.00000500  4.19097968  1 2 0 2 10 e   -1.00000000

143) 0 3 0 1 3 f  in component 22 = -1.00000000
   73MaJo.34  1.148121945082421  0.00000500  1.14812195  0 3 0 1 2 f   -1.00000000
   82KiMi.32  1.148121945082421  0.00000334  1.14812195  0 3 0 1 2 f   -1.00000000

144) 1 1 0 1 3 f  in component 21 = -1.00000000
   73MaJo.35  1.141428014176394  0.00000100  1.14142801  1 1 0 1 2 f   -1.00000000
   82KiMi.30  1.141428014176394  0.00000334  1.14142801  1 1 0 1 2 f   -1.00000000

145) 0 3 0 1 3 e  in component 23 = -1.00000000
   73MaJo.41  1.1459176868285326  0.00000133  1.14591769  0 3 0 1 2 e   -1.00000000
   82KiMi.31  1.1459176868285326  0.00000334  1.14591769  0 3 0 1 2 e   -1.00000000

146) 1 1 0 1 3 e  in component 20 = -1.00000000
   73MaJo.42  1.1402171431544152  0.00000500  1.14021714  1 1 0 1 2 e   -1.00000000
   82KiMi.29  1.1402171431544152  0.00000334  1.14021714  1 1 0 1 2 e   -1.00000000

147) 0 3 0 3 4 e  in component 39 = -1.00000000
   73MaJo.43  1.912967170108062  0.00000100  1.91296717  0 3 0 3 5 e   -1.00000000

148) 0 3 0 3 5 e  in component 39 = -1.00000000
   73MaJo.43  1.912967170108062  0.00000100  1.91296717  0 3 0 3 4 e   -1.00000000

149) 0 3 0 3 10 e  in component 40 = -1.00000000
   73MaJo.44  4.208344027120256  0.00000233  4.20834403  0 3 0 3 11 e   -1.00000000

150) 0 3 0 3 11 e  in component 40 = -1.00000000
   73MaJo.44  4.208344027120256  0.00000233  4.20834403  0 3 0 3 10 e   -1.00000000

151) 1 2 0 2 2 f  in component 41 = -1.00000000
   73MaJo.47  1.1430617777582648  0.00000334  1.14306178  1 2 0 2 3 f   -1.00000000

152) 1 2 0 2 3 f  in component 41 = -1.00000000
   73MaJo.47  1.1430617777582648  0.00000334  1.14306178  1 2 0 2 2 f   -1.00000000

153) 1 2 0 2 10 f  in component 42 = -1.00000000
   73MaJo.48  4.191017707323378  0.00000500  4.19101771  1 2 0 2 11 f   -1.00000000

154) 1 2 0 2 11 f  in component 42 = -1.00000000
   73MaJo.48  4.191017707323378  0.00000500  4.19101771  1 2 0 2 10 f   -1.00000000

155) 0 4 0 2 4 f  in component 43 = -1.00000000
   73MaJo.49  1.9144814510310328  0.00000267  1.91448145  0 4 0 2 5 f   -1.00000000

156) 0 4 0 2 5 f  in component 43 = -1.00000000
   73MaJo.49  1.9144814510310328  0.00000267  1.91448145  0 4 0 2 4 f   -1.00000000

157) 2 0 0 0 3 e  in component 24 = -1.00000000
   82KiMi.33  1.1352116803418717  0.00000334  1.13521168  2 0 0 0 2 e   -1.00000000

158) 0 0 0 0 4 e  in component 0 = -1.00000000
   82KiMi.37  1.5223394979469431  0.00000334  1.52233950  0 0 0 0 3 e   -1.00000000
   82KiMi.43  1.9029177845427987  0.00000334  1.90291778  0 0 0 0 5 e   -1.00000000

159) 0 0 0 0 8 e  in component 0 = -1.00000000
   82KiMi.49  3.0446212893054168  0.00000334  3.04462129  0 0 0 0 7 e   -1.00000000
   82KiMi.55  3.425175559286418  0.00000334  3.42517556  0 0 0 0 9 e   -1.00000000

160) 0 1 0 1 8 e  in component 2 = 13.33741879
   82KiMi.50  3.048518985757807  0.00000334  -0.00000000  0 1 0 1 7 e   10.28889980
   82KiMi.56  3.4295592586255124  0.00000334  -0.00000000  0 1 0 1 9 e   16.76697805

161) 0 1 0 1 8 f  in component 2 = 13.35099341
   82KiMi.51  3.0515344051783986  0.00000334  -0.00000000  0 1 0 1 7 f   10.29945900
   82KiMi.57  3.4329516054736775  0.00000334  -0.00000000  0 1 0 1 9 f   16.78394501

162) 0 0 0 0 9 e  in component 0 = -1.00000000
   82KiMi.52  3.805721823729135  0.00000334  3.80572182  0 0 0 0 10 e   -1.00000000
   82KiMi.55  3.425175559286418  0.00000334  3.42517556  0 0 0 0 8 e   -1.00000000

163) 0 1 0 1 9 e  in component 2 = 16.76697805
   82KiMi.53  3.810602867134169  0.00000334  -0.00000000  0 1 0 1 10 e   20.57758091
   82KiMi.56  3.4295592586255124  0.00000334  -0.00000000  0 1 0 1 8 e   13.33741879

164) 0 1 0 1 9 f  in component 2 = 16.78394501
   82KiMi.54  3.8143721414099083  0.00000334  0.00000000  0 1 0 1 10 f   20.59831715
   82KiMi.57  3.4329516054736775  0.00000334  -0.00000000  0 1 0 1 8 f   13.35099341

165) 0 1 0 1 10 f  in component 2 = 20.59831715
   82KiMi.54  3.8143721414099083  0.00000334  0.00000000  0 1 0 1 9 f   16.78394501
   82KiMi.60  4.195769327859475  0.00000334  -0.00000000  0 1 0 1 11 f   24.79408648

166) 0 1 0 1 11 f  in component 2 = 24.79408648
   82KiMi.60  4.195769327859475  0.00000334  -0.00000000  0 1 0 1 10 f   20.59831715
   82KiMi.63  4.577133157899523  0.00000334  -0.00000000  0 1 0 1 12 f   29.37121964

167) 0 1 0 1 12 e  in component 2 = 29.34182574
   82KiMi.62  4.572630042614348  0.00000334  -0.00000000  0 1 0 1 11 e   24.76919570
   82KiMi.68  4.953626952149677  0.00000334  -0.00000000  0 1 0 1 13 e   34.29545270

168) 0 1 0 1 12 f  in component 2 = 29.37121964
   82KiMi.63  4.577133157899523  0.00000334  -0.00000000  0 1 0 1 11 f   24.79408648
   82KiMi.69  4.958530344349089  0.00000334  -0.00000000  0 1 0 1 13 f   34.32974998

169) 0 1 0 1 13 e  in component 2 = 34.29545270
   82KiMi.65  5.334623861685006  0.00000334  -0.00000000  0 1 0 1 14 e   39.63007656
   82KiMi.68  4.953626952149677  0.00000334  -0.00000000  0 1 0 1 12 e   29.34182574

170) 0 1 0 1 14 e  in component 2 = 39.63007656
   82KiMi.65  5.334623861685006  0.00000334  -0.00000000  0 1 0 1 13 e   34.29545270
   82KiMi.71  5.715587414810815  0.00000334  -0.00000000  0 1 0 1 15 e   45.34566397

171) 0 1 0 1 13 f  in component 2 = 34.32974998
   82KiMi.66  5.334623861685006  0.00000334  0.00000000  0 1 0 1 14 f   39.66437385
   82KiMi.69  4.958530344349089  0.00000334  -0.00000000  0 1 0 1 12 f   29.37121964

172) 0 1 0 1 14 f  in component 2 = 39.66437385
   82KiMi.66  5.334623861685006  0.00000334  0.00000000  0 1 0 1 13 f   34.32974998
   82KiMi.72  5.721258004429184  0.00000334  0.00000000  0 1 0 1 15 f   45.38563185

173) 0 0 0 0 15 e  in component 0 = -1.00000000
   82KiMi.70  5.708298705766641  0.00000334  5.70829871  0 0 0 0 14 e   -1.00000000
   82KiMi.73  6.088776923133937  0.00000334  6.08877692  0 0 0 0 16 e   -1.00000000

174) 0 1 0 1 15 e  in component 2 = 45.34566397
   82KiMi.71  5.715587414810815  0.00000334  -0.00000000  0 1 0 1 14 e   39.63007656
   82KiMi.74  6.096550967936625  0.00000334  -0.00000000  0 1 0 1 16 e   51.44221494

175) 0 1 0 1 15 f  in component 2 = 45.38563185
   82KiMi.72  5.721258004429184  0.00000334  0.00000000  0 1 0 1 14 f   39.66437385
   82KiMi.75  6.096550967936625  0.00000334  -0.00000000  0 1 0 1 16 f   51.48218282

176) 0 1 0 1 16 e  in component 2 = 51.44221494
   82KiMi.74  6.096550967936625  0.00000334  -0.00000000  0 1 0 1 15 e   45.34566397
   82KiMi.80  6.4774811646529145  0.00000334  -0.00000000  0 1 0 1 17 e   57.91969610

177) 0 1 0 1 16 f  in component 2 = 51.48218282
   82KiMi.75  6.096550967936625  0.00000334  -0.00000000  0 1 0 1 15 f   45.38563185
   82KiMi.81  6.483885595280719  0.00000334  0.00000000  0 1 0 1 17 f   57.96606841

178) 0 1 0 1 17 e  in component 2 = 57.91969610
   82KiMi.77  6.858411361369204  0.00000334  -0.00000000  0 1 0 1 18 e   64.77810747
   82KiMi.80  6.4774811646529145  0.00000334  -0.00000000  0 1 0 1 16 e   51.44221494

179) 0 1 0 1 18 e  in component 2 = 64.77810747
   82KiMi.77  6.858411361369204  0.00000334  -0.00000000  0 1 0 1 17 e   57.91969610
   82KiMi.83  7.239341558085494  0.00000334  -0.00000000  0 1 0 1 19 e   72.01744902
   79WePeMa.5  1035.461252  0.00006671  0.00000000  0 3 0 1 17 e   1100.23935947

180) 0 1 0 1 17 f  in component 2 = 57.96606841
   82KiMi.78  6.865216068911247  0.00000334  0.00000000  0 1 0 1 18 f   64.83128448
   82KiMi.81  6.483885595280719  0.00000334  0.00000000  0 1 0 1 16 f   51.48218282

181) 0 1 0 1 18 f  in component 2 = 64.83128448
   82KiMi.78  6.865216068911247  0.00000334  0.00000000  0 1 0 1 17 f   57.96606841
   82KiMi.84  7.246479829722734  0.00000334  0.00000000  0 1 0 1 19 f   72.07776431
   79WePeMa.4  1035.509195  0.00006671  0.00000000  0 3 0 1 17 f   1100.34047948

182) 0 1 0 1 19 e  in component 2 = 72.01744902
   82KiMi.83  7.239341558085494  0.00000334  -0.00000000  0 1 0 1 18 e   64.77810747
   82KiMi.86  7.620238398392264  0.00000334  -0.00000000  0 1 0 1 20 e   79.63768742

183) 0 1 0 1 19 f  in component 2 = 72.07776431
   82KiMi.84  7.246479829722734  0.00000334  0.00000000  0 1 0 1 18 f   64.83128448
   82KiMi.87  7.627776946943742  0.00000334  0.00000000  0 1 0 1 20 f   79.70554126

184) 0 1 0 1 20 e  in component 2 = 79.63768742
   82KiMi.86  7.620238398392264  0.00000334  -0.00000000  0 1 0 1 19 e   72.01744902
   82KiMi.92  8.001101882289515  0.00000334  -0.00000000  0 1 0 1 21 e   87.63878930

185) 0 1 0 1 20 f  in component 2 = 79.70554126
   82KiMi.87  7.627776946943742  0.00000334  0.00000000  0 1 0 1 19 f   72.07776431
   82KiMi.93  8.00900735134571  0.00000334  -0.00000000  0 1 0 1 21 f   87.71454861

186) 0 0 0 0 22 e  in component 0 = -1.00000000
   82KiMi.88  8.371308660473373  0.00000334  8.37130866  0 0 0 0 21 e   -1.00000000
   82KiMi.94  8.751665794074114  0.00000334  8.75166579  0 0 0 0 23 e   -1.00000000

187) 0 1 0 1 21 e  in component 2 = 87.63878930
   82KiMi.89  8.381965366186764  0.00000334  -0.00000000  0 1 0 1 22 e   96.02075467
   82KiMi.92  8.001101882289515  0.00000334  -0.00000000  0 1 0 1 20 e   79.63768742

188) 0 1 0 1 22 e  in component 2 = 96.02075467
   82KiMi.89  8.381965366186764  0.00000334  -0.00000000  0 1 0 1 21 e   87.63878930
   82KiMi.95  8.762795493674494  0.00000334  -0.00000000  0 1 0 1 23 e   104.78355016

189) 0 1 0 1 21 f  in component 2 = 87.71454861
   82KiMi.90  8.390237755747679  0.00000334  0.00000000  0 1 0 1 22 f   96.10478637
   82KiMi.93  8.00900735134571  0.00000334  -0.00000000  0 1 0 1 20 f   79.70554126

190) 0 1 0 1 22 f  in component 2 = 96.10478637
   82KiMi.90  8.390237755747679  0.00000334  0.00000000  0 1 0 1 21 f   87.71454861
   82KiMi.96  8.771468160149645  0.00000334  0.00000000  0 1 0 1 23 f   104.87625453

191) 0 1 0 1 23 e  in component 2 = 104.78355016
   82KiMi.95  8.762795493674494  0.00000334  -0.00000000  0 1 0 1 22 e   96.02075467
   82KiMi.98  9.143592264752705  0.00000334  -0.00000000  0 1 0 1 24 e   113.92714243

192) 0 1 0 1 23 f  in component 2 = 104.87625453
   82KiMi.96  8.771468160149645  0.00000334  0.00000000  0 1 0 1 22 f   96.10478637
   82KiMi.99  9.152631851732574  0.00000334  -0.00000000  0 1 0 1 24 f   114.02888638

193) 0 1 0 1 24 e  in component 2 = 113.92714243
   82KiMi.98  9.143592264752705  0.00000334  -0.00000000  0 1 0 1 23 e   104.78355016
   82KiMi.101  9.524389035830914  0.00000334  -0.00000000  0 1 0 1 25 e   123.45153146

194) 0 1 0 1 24 f  in component 2 = 114.02888638
   82KiMi.99  9.152631851732574  0.00000334  -0.00000000  0 1 0 1 23 f   104.87625453
   82KiMi.102  9.533795543315502  0.00000334  -0.00000000  0 1 0 1 25 f   123.56268192

195) 0 1 0 1 25 f  in component 2 = 123.56268192
   82KiMi.102  9.533795543315502  0.00000334  -0.00000000  0 1 0 1 24 f   114.02888638

196) 0 0 0 0 92 e  in component 44 = -1.00000000
   81WePeMa.6  868.497576  0.00023350  868.49757600  1 0 0 0 93 e   -1.00000000

197) 1 0 0 0 93 e  in component 44 = -1.00000000
   81WePeMa.6  868.497576  0.00023350  868.49757600  0 0 0 0 92 e   -1.00000000

198) 0 0 0 0 85 e  in component 45 = -1.00000000
   81WePeMa.7  866.554608  0.00013340  866.55460800  1 0 0 0 86 e   -1.00000000

199) 1 0 0 0 86 e  in component 45 = -1.00000000
   81WePeMa.7  866.554608  0.00013340  866.55460800  0 0 0 0 85 e   -1.00000000

200) 0 0 0 0 70 e  in component 46 = -1.00000000
   81WePeMa.8  862.190086  0.00010010  862.19008600  1 0 0 0 71 e   -1.00000000

201) 1 0 0 0 71 e  in component 46 = -1.00000000
   81WePeMa.8  862.190086  0.00010010  862.19008600  0 0 0 0 70 e   -1.00000000

202) 0 0 0 0 58 e  in component 47 = -1.00000000
   81WePeMa.9  858.50554  0.00006671  858.50554000  1 0 0 0 59 e   -1.00000000

203) 1 0 0 0 59 e  in component 47 = -1.00000000
   81WePeMa.9  858.50554  0.00006671  858.50554000  0 0 0 0 58 e   -1.00000000

204) 1 0 0 0 44 e  in component 1 = -1.00000000
   81WePeMa.10  853.664234  0.00016680  853.66423400  0 0 0 0 43 e   -1.00000000

205) 0 0 1 0 24 e  in component 0 = -1.00000000
   85HuFoJoMc.5  2015.9342  0.00030000  2015.93420000  0 0 0 0 25 e   -1.00000000

206) 0 0 1 0 23 e  in component 0 = -1.00000000
   85HuFoJoMc.6  2016.37045  0.00030000  2016.37045000  0 0 0 0 24 e   -1.00000000

207) 0 0 1 0 22 e  in component 0 = -1.00000000
   85HuFoJoMc.7  2016.80439  0.00030000  2016.80439000  0 0 0 0 23 e   -1.00000000

208) 0 3 0 1 17 f  in component 2 = 1100.34047948
   79WePeMa.4  1035.509195  0.00006671  0.00000000  0 1 0 1 18 f   64.83128448

209) 0 3 0 1 17 e  in component 2 = 1100.23935947
   79WePeMa.5  1035.461252  0.00006671  0.00000000  0 1 0 1 18 e   64.77810747

