1) 0 0 0 0 1 e  in component 0 = -1.00000000
   48StWeKy.1  0.8088202138827655  0.00000100  0.80882021  0 0 0 0 2 e   -1.00000000
   73MaJo.1  0.8088151437085185  0.00000033  0.80881514  0 0 0 0 2 e   -1.00000000
   81WePeMa.43  854.0639137759763  0.00040028  854.06391378  1 0 0 0 0 e   -1.00000000

2) 0 0 0 0 2 e  in component 0 = -1.00000000
   48StWeKy.1  0.8088202138827655  0.00000100  0.80882021  0 0 0 0 1 e   -1.00000000
   90WeScMa.4  2008.4170129456693  0.00016678  2008.41701295  0 0 1 0 1 e   -1.00000000
   73MaJo.1  0.8088151437085185  0.00000033  0.80881514  0 0 0 0 1 e   -1.00000000
   73MaJo.2  1.2132189796449115  0.00000100  1.21321898  0 0 0 0 3 e   -1.00000000
   81WePeMa.31  853.6584365974944  0.00016678  853.65843660  1 0 0 0 1 e   -1.00000000
   81WePeMa.42  853.6582998362154  0.00053370  853.65829984  1 0 0 0 1 e   -1.00000000

3) 0 1 0 1 1 f  in component 1 = -1.00000000
   48StWeKy.2  0.810580098049031  0.00000100  0.81058010  0 1 0 1 2 f   -1.00000000
   74ReDy.1  0.00043416435779715314  0.00000002  0.00043416  0 1 0 1 1 e   -1.00000000
   73MaJo.11  0.8105820994336022  0.00000167  0.81058210  0 1 0 1 2 f   -1.00000000

4) 0 1 0 1 2 f  in component 1 = -1.00000000
   48StWeKy.2  0.810580098049031  0.00000100  0.81058010  0 1 0 1 1 f   -1.00000000
   74ReDy.2  0.001302462051930606  0.00000002  0.00130246  0 1 0 1 2 e   -1.00000000
   73MaJo.11  0.8105820994336022  0.00000167  0.81058210  0 1 0 1 1 f   -1.00000000
   73MaJo.20  1.2158703472120036  0.00000067  1.21587035  0 1 0 1 3 f   -1.00000000

5) 0 1 0 1 1 e  in component 1 = -1.00000000
   48StWeKy.3  0.8097215040679909  0.00000100  0.80972150  0 1 0 1 2 e   -1.00000000
   74ReDy.1  0.00043416435779715314  0.00000002  0.00043416  0 1 0 1 1 f   -1.00000000
   73MaJo.10  0.8097134985297062  0.00000167  0.80971350  0 1 0 1 2 e   -1.00000000

6) 0 1 0 1 2 e  in component 1 = -1.00000000
   48StWeKy.3  0.8097215040679909  0.00000100  0.80972150  0 1 0 1 1 e   -1.00000000
   74ReDy.2  0.001302462051930606  0.00000002  0.00130246  0 1 0 1 2 f   -1.00000000
   73MaJo.10  0.8097134985297062  0.00000167  0.80971350  0 1 0 1 1 e   -1.00000000

7) 0 0 0 0 79 e  in component 2 = -1.00000000
   89WeVa.1  1661.7910181049317  0.00066713  1661.79101810  2 0 0 0 80 e   -1.00000000

8) 2 0 0 0 80 e  in component 2 = -1.00000000
   89WeVa.1  1661.7910181049317  0.00066713  1661.79101810  0 0 0 0 79 e   -1.00000000

9) 0 0 0 0 33 e  in component 3 = -1.00000000
   89WeVa.2  1686.68704467542  0.00033356  1686.68704468  2 0 0 0 34 e   -1.00000000
   81WePeMa.26  867.4960728998726  0.00016678  867.49607290  1 0 0 0 34 e   -1.00000000

10) 2 0 0 0 34 e  in component 3 = -1.00000000
   89WeVa.2  1686.68704467542  0.00033356  1686.68704468  0 0 0 0 33 e   -1.00000000

11) 0 0 0 0 25 e  in component 4 = -1.00000000
   89WeVa.3  1690.4916033611494  0.00026685  1690.49160336  2 0 0 0 26 e   -1.00000000
   80DuDeBuBo.16  10.107495432723661  0.00000100  10.10749543  0 0 0 0 24 e   -1.00000000
   80DuDeBuBo.17  10.511564437021294  0.00000100  10.51156444  0 0 0 0 26 e   -1.00000000
   80MaOlSa.27  1690.957  0.00390000  1690.95700000  2 0 0 0 24 e   -1.00000000

12) 2 0 0 0 26 e  in component 4 = -1.00000000
   89WeVa.3  1690.4916033611494  0.00026685  1690.49160336  0 0 0 0 25 e   -1.00000000
   83WePeMa.2  857.3737902372447  0.00013343  857.37379024  1 0 0 0 25 e   -1.00000000
   80MaOlSa.25  1690.0265  0.00390000  1690.02650000  0 0 0 0 27 e   -1.00000000

13) 0 0 0 0 16 e  in component 5 = 48.92665693
   89WeVa.4  1707.9314083344952  0.00020014  -0.00000000  2 0 0 0 15 e   1756.85806526
   80DuDeBuBo.12  6.469818830465709  0.00000067  0.00000000  0 0 0 0 15 e   42.45683810
   80DuDeBuBo.13  6.874087372805089  0.00000200  0.00000000  0 0 0 0 17 e   55.80074430
   81WePeMa.29  861.1587486967401  0.00013343  -0.00000000  1 0 0 0 17 e   910.08540562
   85HuFoJoMc.2  2015.75262  0.00030000  0.00000000  0 0 1 0 17 e   2064.67927693

14) 2 0 0 0 15 e  in component 5 = 1756.85806526
   89WeVa.4  1707.9314083344952  0.00020014  -0.00000000  0 0 0 0 16 e   48.92665693

15) 0 0 0 0 59 e  in component 6 = -1.00000000
   89WeVa.5  1721.3030656028045  0.00030021  1721.30306560  2 0 0 0 58 e   -1.00000000
   81WePeMa.61  876.4855919090533  0.00146768  876.48559191  1 0 0 0 60 e   -1.00000000

16) 2 0 0 0 58 e  in component 6 = -1.00000000
   89WeVa.5  1721.3030656028045  0.00030021  1721.30306560  0 0 0 0 59 e   -1.00000000

17) 0 0 0 0 5 e  in component 5 = 0.00000000
   80DuDeBuBo.3  2.4264108405288836  0.00000067  -0.00000000  0 0 0 0 6 e   2.42641084
   83WePeMa.7  1704.1663803296879  0.00026685  0.00000686  2 0 0 0 6 e   1704.16637347
   81WePeMa.40  852.4346866658  0.00083391  0.00000000  1 0 0 0 4 e   852.43468667
   80MaOlSa.38  1699.7442  0.00390000  0.00000000  2 0 0 0 4 e   1699.74420000

18) 0 0 0 0 6 e  in component 5 = 2.42641084
   80DuDeBuBo.3  2.4264108405288836  0.00000067  -0.00000000  0 0 0 0 5 e   0.00000000
   74LaWi.1  2.8307972310630976  0.00000033  -0.00000000  0 0 0 0 7 e   5.25720807
   81WePeMa.39  852.021500821078  0.00253509  0.00000000  1 0 0 0 5 e   854.44791166
   80MaOlSa.37  1699.3275  0.00390000  0.00000000  2 0 0 0 5 e   1701.75391084

19) 0 0 0 0 7 e  in component 5 = 5.25720807
   80DuDeBuBo.5  3.23517548596903  0.00000100  -0.00000000  0 0 0 0 8 e   8.49238356
   74LaWi.1  2.8307972310630976  0.00000033  -0.00000000  0 0 0 0 6 e   2.42641084
   80MaOlSa.36  1698.9077  0.00390000  -0.00146540  2 0 0 0 6 e   1704.16637347

20) 0 0 0 0 8 e  in component 5 = 8.49238356
   80DuDeBuBo.5  3.23517548596903  0.00000100  -0.00000000  0 0 0 0 7 e   5.25720807
   90WeScMa.5  2012.7648341306838  0.00013343  0.00000000  0 0 1 0 9 e   2021.25721769
   80MaOlSa.35  1698.4884  0.00390000  -0.00000000  2 0 0 0 7 e   1706.98078356
   80MaOlSa.39  1705.3213  0.00390000  -0.00000044  2 0 0 0 9 e   1713.81368400

21) 0 0 0 0 10 e  in component 5 = 16.17228443
   80DuDeBuBo.7  4.448257867781317  0.00000067  -0.00000000  0 0 0 0 11 e   20.62054230
   73MaJo.3  4.043907602238613  0.00000100  0.00000000  0 0 0 0 9 e   12.12837683
   80MaOlSa.33  1697.6414  0.00390000  0.00000044  2 0 0 0 9 e   1713.81368400

22) 0 0 0 0 11 e  in component 5 = 20.62054230
   80DuDeBuBo.7  4.448257867781317  0.00000067  -0.00000000  0 0 0 0 10 e   16.17228443
   80DuDeBuBo.8  4.852596958926832  0.00000067  -0.00000000  0 0 0 0 12 e   25.47313926
   81WePeMa.38  849.9543040539065  0.00160111  0.00000004  1 0 0 0 10 e   870.57484631
   81WePeMa.44  859.2276861081008  0.00120083  0.00008838  1 0 0 0 12 e   879.84814003

23) 0 0 0 0 12 e  in component 5 = 25.47313926
   80DuDeBuBo.8  4.852596958926832  0.00000067  -0.00000000  0 0 0 0 11 e   20.62054230
   80DuDeBuBo.9  5.256924275259786  0.00000067  0.00000000  0 0 0 0 13 e   30.73006353
   81WePeMa.37  849.5365150246708  0.00173453  -0.00000000  1 0 0 0 11 e   875.00965428
   81WePeMa.45  859.6153876559497  0.00133426  -0.00011570  1 0 0 0 13 e   885.08864262

24) 0 0 0 0 13 e  in component 5 = 30.73006353
   80DuDeBuBo.9  5.256924275259786  0.00000067  0.00000000  0 0 0 0 12 e   25.47313926
   74LaWi.2  5.661238082246886  0.00000033  0.00000000  0 0 0 0 14 e   36.39130162
   81WePeMa.36  849.1178920851971  0.00173453  -0.00018441  1 0 0 0 12 e   879.84814003
   81WePeMa.46  860.0032893422556  0.00166782  0.00000000  1 0 0 0 14 e   890.73335288
   80MaOlSa.32  1696.3443  0.00390000  0.00000000  2 0 0 0 12 e   1727.07436353

25) 0 0 0 0 15 e  in component 5 = 42.45683810
   80DuDeBuBo.12  6.469818830465709  0.00000067  0.00000000  0 0 0 0 16 e   48.92665693
   83WePeMa.9  1707.9313916562905  0.00033356  -0.00001537  2 0 0 0 16 e   1750.38824512
   74LaWi.3  6.0655364785727865  0.00000033  -0.00000000  0 0 0 0 14 e   36.39130162
   81WePeMa.48  860.7747897380394  0.00160111  0.00000000  1 0 0 0 16 e   903.23162783
   85HuFoJoMc.1  2015.38717  0.00030000  -0.00000000  0 0 1 0 16 e   2057.84400810

26) 0 0 0 0 17 e  in component 5 = 55.80074430
   80DuDeBuBo.13  6.874087372805089  0.00000200  0.00000000  0 0 0 0 16 e   48.92665693
   80DuDeBuBo.14  7.278335134101339  0.00000100  -0.00000000  0 0 0 0 18 e   63.07907943
   85HuFoJoMc.3  2016.11557  0.00030000  0.00000000  0 0 1 0 18 e   2071.91631430

27) 0 0 0 0 18 e  in component 5 = 63.07907943
   80DuDeBuBo.14  7.278335134101339  0.00000100  -0.00000000  0 0 0 0 17 e   55.80074430
   80DuDeBuBo.15  7.6825657502030955  0.00000100  0.00000000  0 0 0 0 19 e   70.76164518
   81WePeMa.49  861.9229840665305  0.00133426  0.00000000  1 0 0 0 19 e   925.00206350
   85HuFoJoMc.4  2016.47636  0.00030000  0.00000000  0 0 1 0 19 e   2079.55543943

28) 0 0 0 0 19 e  in component 5 = 70.76164518
   80DuDeBuBo.15  7.6825657502030955  0.00000100  0.00000000  0 0 0 0 18 e   63.07907943
   81WePeMa.28  862.3030236471126  0.00010007  0.00000000  1 0 0 0 20 e   933.06466883

29) 0 0 0 0 24 e  in component 4 = -1.00000000
   80DuDeBuBo.16  10.107495432723661  0.00000100  10.10749543  0 0 0 0 25 e   -1.00000000
   80MaOlSa.28  1691.4192  0.00390000  1691.41920000  2 0 0 0 23 e   -1.00000000

30) 0 0 0 0 26 e  in component 4 = -1.00000000
   80DuDeBuBo.17  10.511564437021294  0.00000100  10.51156444  0 0 0 0 25 e   -1.00000000
   80MaOlSa.26  1690.4926  0.00390000  1690.49260000  2 0 0 0 25 e   -1.00000000

31) 0 0 1 0 4 e  in component 7 = -1.00000000
   80BoBa.1  2.0105837685883343  0.00000100  2.01058377  0 0 1 0 5 e   -1.00000000

32) 0 0 1 0 5 e  in component 7 = -1.00000000
   80BoBa.1  2.0105837685883343  0.00000100  2.01058377  0 0 1 0 4 e   -1.00000000
   80BoBa.2  2.4126889809883076  0.00000100  2.41268898  0 0 1 0 6 e   -1.00000000

33) 0 0 1 0 6 e  in component 7 = -1.00000000
   80BoBa.2  2.4126889809883076  0.00000100  2.41268898  0 0 1 0 5 e   -1.00000000

34) 0 1 0 1 3 e  in component 1 = -1.00000000
   74ReDy.3  0.002604914096938356  0.00000002  0.00260491  0 1 0 1 3 f   -1.00000000

35) 0 1 0 1 3 f  in component 1 = -1.00000000
   74ReDy.3  0.002604914096938356  0.00000002  0.00260491  0 1 0 1 3 e   -1.00000000
   73MaJo.20  1.2158703472120036  0.00000067  1.21587035  0 1 0 1 2 f   -1.00000000

36) 0 1 0 1 4 e  in component 8 = -1.00000000
   74ReDy.4  0.004341501813231072  0.00000002  0.00434150  0 1 0 1 4 f   -1.00000000

37) 0 1 0 1 4 f  in component 8 = -1.00000000
   74ReDy.4  0.004341501813231072  0.00000002  0.00434150  0 1 0 1 4 e   -1.00000000

38) 0 1 0 1 5 e  in component 9 = -1.00000000
   74ReDy.5  0.0065122071883476134  0.00000002  0.00651221  0 1 0 1 5 f   -1.00000000

39) 0 1 0 1 5 f  in component 9 = -1.00000000
   74ReDy.5  0.0065122071883476134  0.00000002  0.00651221  0 1 0 1 5 e   -1.00000000

40) 0 1 0 1 6 e  in component 10 = -1.00000000
   74ReDy.6  0.009117018881108744  0.00000002  0.00911702  0 1 0 1 6 f   -1.00000000

41) 0 1 0 1 6 f  in component 10 = -1.00000000
   74ReDy.6  0.009117018881108744  0.00000002  0.00911702  0 1 0 1 6 e   -1.00000000

42) 0 1 0 1 7 e  in component 11 = -1.00000000
   74ReDy.7  0.012155915209848274  0.00000002  0.01215592  0 1 0 1 7 f   -1.00000000

43) 0 1 0 1 7 f  in component 11 = -1.00000000
   74ReDy.7  0.012155915209848274  0.00000002  0.01215592  0 1 0 1 7 e   -1.00000000

44) 0 1 0 1 8 e  in component 12 = -1.00000000
   74ReDy.8  0.01562885981607983  0.00000002  0.01562886  0 1 0 1 8 f   -1.00000000

45) 0 1 0 1 8 f  in component 12 = -1.00000000
   74ReDy.8  0.01562885981607983  0.00000002  0.01562886  0 1 0 1 8 e   -1.00000000

46) 0 1 0 1 35 e  in component 13 = -1.00000000
   67Maki.1  0.2732813912216564  0.00000167  0.27328139  0 1 0 1 35 f   -1.00000000

47) 0 1 0 1 35 f  in component 13 = -1.00000000
   67Maki.1  0.2732813912216564  0.00000167  0.27328139  0 1 0 1 35 e   -1.00000000

48) 0 1 0 1 36 e  in component 14 = -1.00000000
   67Maki.2  0.2888841853386452  0.00000167  0.28888419  0 1 0 1 36 f   -1.00000000
   85HuFoJoMc.6  2015.81328  0.00030000  2015.81328000  0 1 1 1 37 e   -1.00000000

49) 0 1 0 1 36 f  in component 14 = -1.00000000
   67Maki.2  0.2888841853386452  0.00000167  0.28888419  0 1 0 1 36 e   -1.00000000
   85HuFoJoMc.7  2015.83646  0.00030000  2015.83646000  0 1 1 1 37 f   -1.00000000

50) 0 1 0 1 37 e  in component 15 = -1.00000000
   67Maki.3  0.30491661001024917  0.00000167  0.30491661  0 1 0 1 37 f   -1.00000000

51) 0 1 0 1 37 f  in component 15 = -1.00000000
   67Maki.3  0.30491661001024917  0.00000167  0.30491661  0 1 0 1 37 e   -1.00000000
   85HuFoJoMc.8  2016.15534  0.00030000  2016.15534000  0 1 1 1 38 f   -1.00000000

52) 0 1 0 1 38 e  in component 16 = -1.00000000
   67Maki.4  0.3213843358260867  0.00000167  0.32138434  0 1 0 1 38 f   -1.00000000

53) 0 1 0 1 38 f  in component 16 = -1.00000000
   67Maki.4  0.3213843358260867  0.00000167  0.32138434  0 1 0 1 38 e   -1.00000000

54) 0 1 0 1 39 e  in component 17 = -1.00000000
   67Maki.5  0.33827869011968276  0.00000167  0.33827869  0 1 0 1 39 f   -1.00000000
   85HuFoJoMc.9  2016.7614  0.00030000  2016.76140000  0 1 1 1 40 e   -1.00000000

55) 0 1 0 1 39 f  in component 17 = -1.00000000
   67Maki.5  0.33827869011968276  0.00000167  0.33827869  0 1 0 1 39 e   -1.00000000

56) 0 1 0 1 40 e  in component 18 = -1.00000000
   67Maki.6  0.35560967981389313  0.00000167  0.35560968  0 1 0 1 40 f   -1.00000000
   85HuFoJoMc.10  2017.07289  0.00030000  2017.07289000  0 1 1 1 41 e   -1.00000000

57) 0 1 0 1 40 f  in component 18 = -1.00000000
   67Maki.6  0.35560967981389313  0.00000167  0.35560968  0 1 0 1 40 e   -1.00000000
   85HuFoJoMc.11  2017.09852  0.00030000  2017.09852000  0 1 1 1 41 f   -1.00000000

58) 0 1 0 1 41 e  in component 19 = -1.00000000
   67Maki.7  0.37336696442176676  0.00000167  0.37336696  0 1 0 1 41 f   -1.00000000

59) 0 1 0 1 41 f  in component 19 = -1.00000000
   67Maki.7  0.37336696442176676  0.00000167  0.37336696  0 1 0 1 41 e   -1.00000000

60) 0 1 0 1 42 e  in component 20 = -1.00000000
   67Maki.8  0.39155955017387395  0.00000167  0.39155955  0 1 0 1 42 f   -1.00000000

61) 0 1 0 1 42 f  in component 20 = -1.00000000
   67Maki.8  0.39155955017387395  0.00000167  0.39155955  0 1 0 1 42 e   -1.00000000

62) 0 1 0 1 44 e  in component 21 = -1.00000000
   67Maki.9  0.42923528116241005  0.00000167  0.42923528  0 1 0 1 44 f   -1.00000000

63) 0 1 0 1 44 f  in component 21 = -1.00000000
   67Maki.9  0.42923528116241005  0.00000167  0.42923528  0 1 0 1 44 e   -1.00000000

64) 1 0 0 0 15 e  in component 5 = 896.78109937
   83WePeMa.1  853.6071611247805  0.00033356  0.00001537  2 0 0 0 16 e   1750.38824512
   81WePeMa.30  860.3898034019255  0.00020014  0.00000565  0 0 0 0 14 e   36.39130162
   81WePeMa.47  860.3897900593616  0.00160111  -0.00000769  0 0 0 0 14 e   36.39130162

65) 2 0 0 0 16 e  in component 5 = 1750.38824512
   83WePeMa.1  853.6071611247805  0.00033356  0.00001537  1 0 0 0 15 e   896.78109937
   83WePeMa.9  1707.9313916562905  0.00033356  -0.00001537  0 0 0 0 15 e   42.45683810

66) 1 0 0 0 25 e  in component 4 = -1.00000000
   83WePeMa.2  857.3737902372447  0.00013343  857.37379024  2 0 0 0 26 e   -1.00000000

67) 1 0 0 0 30 e  in component 22 = -1.00000000
   83WePeMa.3  859.210033896183  0.00010007  859.21003390  2 0 0 0 31 e   -1.00000000

68) 2 0 0 0 31 e  in component 22 = -1.00000000
   83WePeMa.3  859.210033896183  0.00010007  859.21003390  1 0 0 0 30 e   -1.00000000
   80MaOlSa.44  1713.1191  0.00390000  1713.11910000  0 0 0 0 30 e   -1.00000000

69) 1 0 0 0 51 e  in component 23 = -1.00000000
   83WePeMa.4  866.5731110553822  0.00033356  866.57311106  2 0 0 0 52 e   -1.00000000

70) 2 0 0 0 52 e  in component 23 = -1.00000000
   83WePeMa.4  866.5731110553822  0.00033356  866.57311106  1 0 0 0 51 e   -1.00000000

71) 1 0 0 0 59 e  in component 24 = -1.00000000
   83WePeMa.5  869.2263999516625  0.00016678  869.22639995  2 0 0 0 60 e   -1.00000000
   81WePeMa.60  876.1554968804452  0.00120083  876.15549688  0 0 0 0 58 e   -1.00000000

72) 2 0 0 0 60 e  in component 24 = -1.00000000
   83WePeMa.5  869.2263999516625  0.00016678  869.22639995  1 0 0 0 59 e   -1.00000000

73) 0 0 0 0 34 e  in component 25 = -1.00000000
   83WePeMa.6  1686.6868912359364  0.00020014  1686.68689124  2 0 0 0 33 e   -1.00000000

74) 2 0 0 0 33 e  in component 25 = -1.00000000
   83WePeMa.6  1686.6868912359364  0.00020014  1686.68689124  0 0 0 0 34 e   -1.00000000

75) 2 0 0 0 6 e  in component 5 = 1704.16637347
   83WePeMa.7  1704.1663803296879  0.00026685  0.00000686  0 0 0 0 5 e   0.00000000
   80MaOlSa.36  1698.9077  0.00390000  -0.00146540  0 0 0 0 7 e   5.25720807

76) 0 0 0 0 9 e  in component 5 = 12.12837683
   83WePeMa.8  1705.7017558460393  0.00023349  -0.00000409  2 0 0 0 10 e   1717.83013676
   73MaJo.3  4.043907602238613  0.00000100  0.00000000  0 0 0 0 10 e   16.17228443
   80MaOlSa.34  1698.0673  0.00390000  -0.00000000  2 0 0 0 8 e   1710.19567683
   80MaOlSa.40  1705.7029  0.00390000  0.00114007  2 0 0 0 10 e   1717.83013676

77) 2 0 0 0 10 e  in component 5 = 1717.83013676
   83WePeMa.8  1705.7017558460393  0.00023349  -0.00000409  0 0 0 0 9 e   12.12837683
   80MaOlSa.40  1705.7029  0.00390000  0.00114007  0 0 0 0 9 e   12.12837683

78) 0 0 0 0 20 e  in component 5 = 78.84775497
   83WePeMa.10  1709.7222672626408  0.00020014  0.00000000  2 0 0 0 21 e   1788.57002224
   81WePeMa.34  846.1543085249997  0.00266851  -0.00000000  1 0 0 0 19 e   925.00206350
   85HuFoJoMc.5  2017.19088  0.00030000  0.00000000  0 0 1 0 21 e   2096.03863497
   80MaOlSa.31  1693.2475  0.00390000  0.00000000  2 0 0 0 19 e   1772.09525497

79) 2 0 0 0 21 e  in component 5 = 1788.57002224
   83WePeMa.10  1709.7222672626408  0.00020014  0.00000000  0 0 0 0 20 e   78.84775497

80) 0 0 0 0 31 e  in component 22 = -1.00000000
   83WePeMa.11  1713.4455063576015  0.00013343  1713.44550636  2 0 0 0 32 e   -1.00000000
   90WeScMa.7  2020.9545398236803  0.00013343  2020.95453982  0 0 1 0 32 e   -1.00000000
   81WePeMa.52  866.7692033800263  0.00040028  866.76920338  1 0 0 0 32 e   -1.00000000
   80MaOlSa.45  1713.4461  0.00390000  1713.44610000  2 0 0 0 32 e   -1.00000000

81) 2 0 0 0 32 e  in component 22 = -1.00000000
   83WePeMa.11  1713.4455063576015  0.00013343  1713.44550636  0 0 0 0 31 e   -1.00000000
   83WePeMa.14  853.0039971852794  0.00020014  853.00399719  1 0 0 0 31 e   -1.00000000
   80MaOlSa.45  1713.4461  0.00390000  1713.44610000  0 0 0 0 31 e   -1.00000000

82) 0 0 0 0 58 e  in component 24 = -1.00000000
   83WePeMa.12  1721.3030622671636  0.00033356  1721.30306227  2 0 0 0 59 e   -1.00000000
   81WePeMa.60  876.1554968804452  0.00120083  876.15549688  1 0 0 0 59 e   -1.00000000

83) 2 0 0 0 59 e  in component 24 = -1.00000000
   83WePeMa.12  1721.3030622671636  0.00033356  1721.30306227  0 0 0 0 58 e   -1.00000000

84) 0 0 0 0 75 e  in component 26 = -1.00000000
   83WePeMa.13  1725.2915181742164  0.00086727  1725.29151817  2 0 0 0 76 e   -1.00000000

85) 2 0 0 0 76 e  in component 26 = -1.00000000
   83WePeMa.13  1725.2915181742164  0.00086727  1725.29151817  0 0 0 0 75 e   -1.00000000

86) 1 0 0 0 31 e  in component 22 = -1.00000000
   83WePeMa.14  853.0039971852794  0.00020014  853.00399719  2 0 0 0 32 e   -1.00000000
   81WePeMa.27  866.4036371455348  0.00006671  866.40363715  0 0 0 0 30 e   -1.00000000

87) 1 0 0 0 44 e  in component 27 = -1.00000000
   83WePeMa.15  857.511869094452  0.00016678  857.51186909  2 0 0 0 45 e   -1.00000000

88) 2 0 0 0 45 e  in component 27 = -1.00000000
   83WePeMa.15  857.511869094452  0.00016678  857.51186909  1 0 0 0 44 e   -1.00000000

89) 1 0 0 0 49 e  in component 28 = -1.00000000
   83WePeMa.16  859.1887258217816  0.00066713  859.18872582  2 0 0 0 50 e   -1.00000000

90) 2 0 0 0 50 e  in component 28 = -1.00000000
   83WePeMa.16  859.1887258217816  0.00066713  859.18872582  1 0 0 0 49 e   -1.00000000

91) 1 0 0 0 55 e  in component 29 = -1.00000000
   83WePeMa.17  861.1588787867372  0.00016678  861.15887879  2 0 0 0 56 e   -1.00000000

92) 2 0 0 0 56 e  in component 29 = -1.00000000
   83WePeMa.17  861.1588787867372  0.00016678  861.15887879  1 0 0 0 55 e   -1.00000000

93) 0 1 0 1 43 e  in component 30 = -1.00000000
   83WePeMa.18  857.4356830551087  0.00013343  857.43568306  1 1 0 1 44 e   -1.00000000

94) 1 1 0 1 44 e  in component 30 = -1.00000000
   83WePeMa.18  857.4356830551087  0.00013343  857.43568306  0 1 0 1 43 e   -1.00000000

95) 0 1 0 1 43 f  in component 31 = -1.00000000
   83WePeMa.19  857.4813146233319  0.00010007  857.48131462  1 1 0 1 44 f   -1.00000000

96) 1 1 0 1 44 f  in component 31 = -1.00000000
   83WePeMa.19  857.4813146233319  0.00010007  857.48131462  0 1 0 1 43 f   -1.00000000

97) 0 1 0 1 48 f  in component 32 = -1.00000000
   83WePeMa.20  859.2050871406511  0.00066713  859.20508714  1 1 0 1 49 f   -1.00000000

98) 1 1 0 1 49 f  in component 32 = -1.00000000
   83WePeMa.20  859.2050871406511  0.00066713  859.20508714  0 1 0 1 48 f   -1.00000000

99) 0 1 0 1 54 e  in component 33 = -1.00000000
   83WePeMa.21  861.170490152891  0.00016678  861.17049015  1 1 0 1 55 e   -1.00000000

100) 1 1 0 1 55 e  in component 33 = -1.00000000
   83WePeMa.21  861.170490152891  0.00016678  861.17049015  0 1 0 1 54 e   -1.00000000

101) 0 1 0 1 26 f  in component 34 = -1.00000000
   90WeScMa.1  1991.1642707169103  0.00020014  1991.16427072  0 1 1 1 25 f   -1.00000000
   79WePeMa.1  1033.4896116699506  0.00006671  1033.48961167  0 3 0 1 27 f   -1.00000000

102) 0 1 1 1 25 f  in component 34 = -1.00000000
   90WeScMa.1  1991.1642707169103  0.00020014  1991.16427072  0 1 0 1 26 f   -1.00000000

103) 0 1 0 1 26 e  in component 35 = -1.00000000
   90WeScMa.2  1991.1721761859667  0.00020014  1991.17217619  0 1 1 1 25 e   -1.00000000

104) 0 1 1 1 25 e  in component 35 = -1.00000000
   90WeScMa.2  1991.1721761859667  0.00020014  1991.17217619  0 1 0 1 26 e   -1.00000000

105) 0 0 0 0 32 e  in component 36 = -1.00000000
   90WeScMa.3  1995.1571830402752  0.00033356  1995.15718304  0 0 1 0 31 e   -1.00000000

106) 0 0 1 0 31 e  in component 36 = -1.00000000
   90WeScMa.3  1995.1571830402752  0.00033356  1995.15718304  0 0 0 0 32 e   -1.00000000

107) 0 0 1 0 1 e  in component 0 = -1.00000000
   90WeScMa.4  2008.4170129456693  0.00016678  2008.41701295  0 0 0 0 2 e   -1.00000000
   73MaJo.5  0.8042430473684565  0.00000334  0.80424305  0 0 1 0 2 e   -1.00000000

108) 0 0 1 0 9 e  in component 5 = 2021.25721769
   90WeScMa.5  2012.7648341306838  0.00013343  0.00000000  0 0 0 0 8 e   8.49238356

109) 0 1 0 1 27 f  in component 37 = -1.00000000
   90WeScMa.6  2012.8610506939438  0.00013343  2012.86105069  0 1 1 1 28 f   -1.00000000

110) 0 1 1 1 28 f  in component 37 = -1.00000000
   90WeScMa.6  2012.8610506939438  0.00013343  2012.86105069  0 1 0 1 27 f   -1.00000000

111) 0 0 1 0 32 e  in component 22 = -1.00000000
   90WeScMa.7  2020.9545398236803  0.00013343  2020.95453982  0 0 0 0 31 e   -1.00000000

112) 0 1 0 1 15 e  in component 38 = -1.00000000
   90WeScMa.9  2008.5986019034542  0.00023349  2008.59860190  0 1 1 1 16 e   -1.00000000

113) 0 1 1 1 16 e  in component 38 = -1.00000000
   90WeScMa.9  2008.5986019034542  0.00023349  2008.59860190  0 1 0 1 15 e   -1.00000000

114) 0 1 0 1 15 f  in component 39 = -1.00000000
   90WeScMa.10  2008.606887635579  0.00023349  2008.60688764  0 1 1 1 16 f   -1.00000000

115) 0 1 1 1 16 f  in component 39 = -1.00000000
   90WeScMa.10  2008.606887635579  0.00023349  2008.60688764  0 1 0 1 15 f   -1.00000000

116) 0 1 0 1 27 e  in component 40 = -1.00000000
   90WeScMa.11  2012.8446460117418  0.00013343  2012.84464601  0 1 1 1 28 e   -1.00000000

117) 0 1 1 1 28 e  in component 40 = -1.00000000
   90WeScMa.11  2012.8446460117418  0.00013343  2012.84464601  0 1 0 1 27 e   -1.00000000

118) 0 2 0 2 40 e  in component 41 = -1.00000000
   10ToSuBrCr.1191  3949.6399  0.00290000  3949.63990000  0 2 2 2 39 e   -1.00000000
   10ToSuBrCr.1237  3982.1207  0.00120000  3982.12070000  0 2 2 2 41 e   -1.00000000

119) 0 2 2 2 39 e  in component 41 = -1.00000000
   10ToSuBrCr.1191  3949.6399  0.00290000  3949.63990000  0 2 0 2 40 e   -1.00000000

120) 0 2 0 2 40 f  in component 42 = -1.00000000
   10ToSuBrCr.1241  3949.6399  0.00290000  3949.63990000  0 2 2 2 39 f   -1.00000000
   10ToSuBrCr.1287  3982.1207  0.00120000  3982.12070000  0 2 2 2 41 f   -1.00000000

121) 0 2 2 2 39 f  in component 42 = -1.00000000
   10ToSuBrCr.1241  3949.6399  0.00290000  3949.63990000  0 2 0 2 40 f   -1.00000000

122) 0 2 0 2 39 e  in component 43 = -1.00000000
   10ToSuBrCr.1192  3950.2169  0.00270000  3950.21690000  0 2 2 2 38 e   -1.00000000

123) 0 2 2 2 38 e  in component 43 = -1.00000000
   10ToSuBrCr.1192  3950.2169  0.00270000  3950.21690000  0 2 0 2 39 e   -1.00000000
   10ToSuBrCr.1236  3981.4373  0.00090000  3981.43730000  0 2 0 2 37 e   -1.00000000

124) 0 2 0 2 39 f  in component 44 = -1.00000000
   10ToSuBrCr.1242  3950.2169  0.00270000  3950.21690000  0 2 2 2 38 f   -1.00000000

125) 0 2 2 2 38 f  in component 44 = -1.00000000
   10ToSuBrCr.1242  3950.2169  0.00270000  3950.21690000  0 2 0 2 39 f   -1.00000000
   10ToSuBrCr.1286  3981.4373  0.00090000  3981.43730000  0 2 0 2 37 f   -1.00000000

126) 0 2 0 2 38 e  in component 45 = -1.00000000
   10ToSuBrCr.1193  3950.7901  0.00240000  3950.79010000  0 2 2 2 37 e   -1.00000000

127) 0 2 2 2 37 e  in component 45 = -1.00000000
   10ToSuBrCr.1193  3950.7901  0.00240000  3950.79010000  0 2 0 2 38 e   -1.00000000

128) 0 2 0 2 38 f  in component 46 = -1.00000000
   10ToSuBrCr.1243  3950.7901  0.00240000  3950.79010000  0 2 2 2 37 f   -1.00000000

129) 0 2 2 2 37 f  in component 46 = -1.00000000
   10ToSuBrCr.1243  3950.7901  0.00240000  3950.79010000  0 2 0 2 38 f   -1.00000000

130) 0 2 0 2 37 e  in component 43 = -1.00000000
   10ToSuBrCr.1194  3951.3586  0.00220000  3951.35860000  0 2 2 2 36 e   -1.00000000
   10ToSuBrCr.1236  3981.4373  0.00090000  3981.43730000  0 2 2 2 38 e   -1.00000000

131) 0 2 2 2 36 e  in component 43 = -1.00000000
   10ToSuBrCr.1194  3951.3586  0.00220000  3951.35860000  0 2 0 2 37 e   -1.00000000

132) 0 2 0 2 37 f  in component 44 = -1.00000000
   10ToSuBrCr.1244  3951.3586  0.00220000  3951.35860000  0 2 2 2 36 f   -1.00000000
   10ToSuBrCr.1286  3981.4373  0.00090000  3981.43730000  0 2 2 2 38 f   -1.00000000

133) 0 2 2 2 36 f  in component 44 = -1.00000000
   10ToSuBrCr.1244  3951.3586  0.00220000  3951.35860000  0 2 0 2 37 f   -1.00000000

134) 0 2 0 2 36 e  in component 47 = -1.00000000
   10ToSuBrCr.1195  3951.9222  0.00200000  3951.92220000  0 2 2 2 35 e   -1.00000000

135) 0 2 2 2 35 e  in component 47 = -1.00000000
   10ToSuBrCr.1195  3951.9222  0.00200000  3951.92220000  0 2 0 2 36 e   -1.00000000

136) 0 2 0 2 36 f  in component 48 = -1.00000000
   10ToSuBrCr.1245  3951.9222  0.00200000  3951.92220000  0 2 2 2 35 f   -1.00000000

137) 0 2 2 2 35 f  in component 48 = -1.00000000
   10ToSuBrCr.1245  3951.9222  0.00200000  3951.92220000  0 2 0 2 36 f   -1.00000000

138) 0 2 0 2 35 e  in component 49 = -1.00000000
   10ToSuBrCr.1196  3952.4821  0.00180000  3952.48210000  0 2 2 2 34 e   -1.00000000

139) 0 2 2 2 34 e  in component 49 = -1.00000000
   10ToSuBrCr.1196  3952.4821  0.00180000  3952.48210000  0 2 0 2 35 e   -1.00000000
   10ToSuBrCr.1235  3980.4619  0.00050000  3980.46190000  0 2 0 2 33 e   -1.00000000

140) 0 2 0 2 35 f  in component 50 = -1.00000000
   10ToSuBrCr.1246  3952.4821  0.00180000  3952.48210000  0 2 2 2 34 f   -1.00000000

141) 0 2 2 2 34 f  in component 50 = -1.00000000
   10ToSuBrCr.1246  3952.4821  0.00180000  3952.48210000  0 2 0 2 35 f   -1.00000000
   10ToSuBrCr.1285  3980.4619  0.00050000  3980.46190000  0 2 0 2 33 f   -1.00000000

142) 0 2 0 2 32 e  in component 51 = -1.00000000
   10ToSuBrCr.1197  3954.1349  0.00130000  3954.13490000  0 2 2 2 31 e   -1.00000000
   10ToSuBrCr.1234  3980.2069  0.00050000  3980.20690000  0 2 2 2 33 e   -1.00000000

143) 0 2 2 2 31 e  in component 51 = -1.00000000
   10ToSuBrCr.1197  3954.1349  0.00130000  3954.13490000  0 2 0 2 32 e   -1.00000000
   10ToSuBrCr.1233  3979.6843  0.00030000  3979.68430000  0 2 0 2 30 e   -1.00000000

144) 0 2 0 2 32 f  in component 52 = -1.00000000
   10ToSuBrCr.1247  3954.1349  0.00130000  3954.13490000  0 2 2 2 31 f   -1.00000000
   10ToSuBrCr.1284  3980.2069  0.00050000  3980.20690000  0 2 2 2 33 f   -1.00000000

145) 0 2 2 2 31 f  in component 52 = -1.00000000
   10ToSuBrCr.1247  3954.1349  0.00130000  3954.13490000  0 2 0 2 32 f   -1.00000000
   10ToSuBrCr.1283  3979.6843  0.00030000  3979.68430000  0 2 0 2 30 f   -1.00000000

146) 0 2 0 2 30 e  in component 51 = -1.00000000
   10ToSuBrCr.1198  3955.2143  0.00110000  3955.21430000  0 2 2 2 29 e   -1.00000000
   10ToSuBrCr.1233  3979.6843  0.00030000  3979.68430000  0 2 2 2 31 e   -1.00000000

147) 0 2 2 2 29 e  in component 51 = -1.00000000
   10ToSuBrCr.1198  3955.2143  0.00110000  3955.21430000  0 2 0 2 30 e   -1.00000000
   10ToSuBrCr.1231  3979.1434  0.00030000  3979.14340000  0 2 0 2 28 e   -1.00000000

148) 0 2 0 2 30 f  in component 52 = -1.00000000
   10ToSuBrCr.1248  3955.2143  0.00110000  3955.21430000  0 2 2 2 29 f   -1.00000000
   10ToSuBrCr.1283  3979.6843  0.00030000  3979.68430000  0 2 2 2 31 f   -1.00000000

149) 0 2 2 2 29 f  in component 52 = -1.00000000
   10ToSuBrCr.1248  3955.2143  0.00110000  3955.21430000  0 2 0 2 30 f   -1.00000000
   10ToSuBrCr.1281  3979.1434  0.00030000  3979.14340000  0 2 0 2 28 f   -1.00000000

150) 0 2 0 2 29 e  in component 53 = -1.00000000
   10ToSuBrCr.1199  3955.7484  0.00100000  3955.74840000  0 2 2 2 28 e   -1.00000000
   10ToSuBrCr.1232  3979.4161  0.00030000  3979.41610000  0 2 2 2 30 e   -1.00000000

151) 0 2 2 2 28 e  in component 53 = -1.00000000
   10ToSuBrCr.1199  3955.7484  0.00100000  3955.74840000  0 2 0 2 29 e   -1.00000000

152) 0 2 0 2 29 f  in component 54 = -1.00000000
   10ToSuBrCr.1249  3955.7484  0.00100000  3955.74840000  0 2 2 2 28 f   -1.00000000
   10ToSuBrCr.1282  3979.4161  0.00030000  3979.41610000  0 2 2 2 30 f   -1.00000000

153) 0 2 2 2 28 f  in component 54 = -1.00000000
   10ToSuBrCr.1249  3955.7484  0.00100000  3955.74840000  0 2 0 2 29 f   -1.00000000

154) 0 2 0 2 28 e  in component 51 = -1.00000000
   10ToSuBrCr.1200  3956.2772  0.00090000  3956.27720000  0 2 2 2 27 e   -1.00000000
   10ToSuBrCr.1231  3979.1434  0.00030000  3979.14340000  0 2 2 2 29 e   -1.00000000

155) 0 2 2 2 27 e  in component 51 = -1.00000000
   10ToSuBrCr.1200  3956.2772  0.00090000  3956.27720000  0 2 0 2 28 e   -1.00000000

156) 0 2 0 2 28 f  in component 52 = -1.00000000
   10ToSuBrCr.1250  3956.2772  0.00090000  3956.27720000  0 2 2 2 27 f   -1.00000000
   10ToSuBrCr.1281  3979.1434  0.00030000  3979.14340000  0 2 2 2 29 f   -1.00000000

157) 0 2 2 2 27 f  in component 52 = -1.00000000
   10ToSuBrCr.1250  3956.2772  0.00090000  3956.27720000  0 2 0 2 28 f   -1.00000000

158) 0 2 0 2 27 e  in component 55 = -1.00000000
   10ToSuBrCr.1201  3956.8019  0.00080000  3956.80190000  0 2 2 2 26 e   -1.00000000

159) 0 2 2 2 26 e  in component 55 = -1.00000000
   10ToSuBrCr.1201  3956.8019  0.00080000  3956.80190000  0 2 0 2 27 e   -1.00000000
   10ToSuBrCr.1230  3978.2987  0.00030000  3978.29870000  0 2 0 2 25 e   -1.00000000

160) 0 2 0 2 27 f  in component 56 = -1.00000000
   10ToSuBrCr.1251  3956.8019  0.00080000  3956.80190000  0 2 2 2 26 f   -1.00000000

161) 0 2 2 2 26 f  in component 56 = -1.00000000
   10ToSuBrCr.1251  3956.8019  0.00080000  3956.80190000  0 2 0 2 27 f   -1.00000000
   10ToSuBrCr.1280  3978.2987  0.00030000  3978.29870000  0 2 0 2 25 f   -1.00000000

162) 0 2 0 2 26 e  in component 57 = -1.00000000
   10ToSuBrCr.1202  3957.3223  0.00070000  3957.32230000  0 2 2 2 25 e   -1.00000000

163) 0 2 2 2 25 e  in component 57 = -1.00000000
   10ToSuBrCr.1202  3957.3223  0.00070000  3957.32230000  0 2 0 2 26 e   -1.00000000
   10ToSuBrCr.1229  3978.0082  0.00030000  3978.00820000  0 2 0 2 24 e   -1.00000000

164) 0 2 0 2 26 f  in component 58 = -1.00000000
   10ToSuBrCr.1252  3957.3223  0.00070000  3957.32230000  0 2 2 2 25 f   -1.00000000

165) 0 2 2 2 25 f  in component 58 = -1.00000000
   10ToSuBrCr.1252  3957.3223  0.00070000  3957.32230000  0 2 0 2 26 f   -1.00000000
   10ToSuBrCr.1279  3978.0082  0.00030000  3978.00820000  0 2 0 2 24 f   -1.00000000

166) 0 2 0 2 25 e  in component 55 = -1.00000000
   10ToSuBrCr.1203  3957.8378  0.00060000  3957.83780000  0 2 2 2 24 e   -1.00000000
   10ToSuBrCr.1230  3978.2987  0.00030000  3978.29870000  0 2 2 2 26 e   -1.00000000

167) 0 2 2 2 24 e  in component 55 = -1.00000000
   10ToSuBrCr.1203  3957.8378  0.00060000  3957.83780000  0 2 0 2 25 e   -1.00000000
   10ToSuBrCr.1228  3977.7133  0.00030000  3977.71330000  0 2 0 2 23 e   -1.00000000

168) 0 2 0 2 25 f  in component 56 = -1.00000000
   10ToSuBrCr.1253  3957.8378  0.00060000  3957.83780000  0 2 2 2 24 f   -1.00000000
   10ToSuBrCr.1280  3978.2987  0.00030000  3978.29870000  0 2 2 2 26 f   -1.00000000

169) 0 2 2 2 24 f  in component 56 = -1.00000000
   10ToSuBrCr.1253  3957.8378  0.00060000  3957.83780000  0 2 0 2 25 f   -1.00000000
   10ToSuBrCr.1278  3977.7133  0.00030000  3977.71330000  0 2 0 2 23 f   -1.00000000

170) 0 2 0 2 23 e  in component 55 = -1.00000000
   10ToSuBrCr.1204  3958.8563  0.00050000  3958.85630000  0 2 2 2 22 e   -1.00000000
   10ToSuBrCr.1228  3977.7133  0.00030000  3977.71330000  0 2 2 2 24 e   -1.00000000

171) 0 2 2 2 22 e  in component 55 = -1.00000000
   10ToSuBrCr.1204  3958.8563  0.00050000  3958.85630000  0 2 0 2 23 e   -1.00000000
   10ToSuBrCr.1226  3977.1099  0.00030000  3977.10990000  0 2 0 2 21 e   -1.00000000

172) 0 2 0 2 23 f  in component 56 = -1.00000000
   10ToSuBrCr.1254  3958.8563  0.00050000  3958.85630000  0 2 2 2 22 f   -1.00000000
   10ToSuBrCr.1278  3977.7133  0.00030000  3977.71330000  0 2 2 2 24 f   -1.00000000

173) 0 2 2 2 22 f  in component 56 = -1.00000000
   10ToSuBrCr.1254  3958.8563  0.00050000  3958.85630000  0 2 0 2 23 f   -1.00000000
   10ToSuBrCr.1276  3977.1099  0.00030000  3977.10990000  0 2 0 2 21 f   -1.00000000

174) 0 2 0 2 22 e  in component 59 = -1.00000000
   10ToSuBrCr.1205  3959.3595  0.00040000  3959.35950000  0 2 2 2 21 e   -1.00000000
   10ToSuBrCr.1227  3977.4138  0.00030000  3977.41380000  0 2 2 2 23 e   -1.00000000

175) 0 2 2 2 21 e  in component 59 = -1.00000000
   10ToSuBrCr.1205  3959.3595  0.00040000  3959.35950000  0 2 0 2 22 e   -1.00000000

176) 0 2 0 2 22 f  in component 60 = -1.00000000
   10ToSuBrCr.1255  3959.3595  0.00040000  3959.35950000  0 2 2 2 21 f   -1.00000000
   10ToSuBrCr.1277  3977.4138  0.00030000  3977.41380000  0 2 2 2 23 f   -1.00000000

177) 0 2 2 2 21 f  in component 60 = -1.00000000
   10ToSuBrCr.1255  3959.3595  0.00040000  3959.35950000  0 2 0 2 22 f   -1.00000000

178) 0 2 0 2 21 e  in component 55 = -1.00000000
   10ToSuBrCr.1206  3959.8578  0.00040000  3959.85780000  0 2 2 2 20 e   -1.00000000
   10ToSuBrCr.1226  3977.1099  0.00030000  3977.10990000  0 2 2 2 22 e   -1.00000000

179) 0 2 2 2 20 e  in component 55 = -1.00000000
   10ToSuBrCr.1206  3959.8578  0.00040000  3959.85780000  0 2 0 2 21 e   -1.00000000
   10ToSuBrCr.1225  3976.4892  0.00030000  3976.48920000  0 2 0 2 19 e   -1.00000000

180) 0 2 0 2 21 f  in component 56 = -1.00000000
   10ToSuBrCr.1256  3959.8578  0.00040000  3959.85780000  0 2 2 2 20 f   -1.00000000
   10ToSuBrCr.1276  3977.1099  0.00030000  3977.10990000  0 2 2 2 22 f   -1.00000000

181) 0 2 2 2 20 f  in component 56 = -1.00000000
   10ToSuBrCr.1256  3959.8578  0.00040000  3959.85780000  0 2 0 2 21 f   -1.00000000
   10ToSuBrCr.1275  3976.4892  0.00030000  3976.48920000  0 2 0 2 19 f   -1.00000000

182) 0 2 0 2 20 e  in component 61 = -1.00000000
   10ToSuBrCr.1207  3960.3517  0.00030000  3960.35170000  0 2 2 2 19 e   -1.00000000

183) 0 2 2 2 19 e  in component 61 = -1.00000000
   10ToSuBrCr.1207  3960.3517  0.00030000  3960.35170000  0 2 0 2 20 e   -1.00000000

184) 0 2 0 2 20 f  in component 62 = -1.00000000
   10ToSuBrCr.1257  3960.3517  0.00030000  3960.35170000  0 2 2 2 19 f   -1.00000000

185) 0 2 2 2 19 f  in component 62 = -1.00000000
   10ToSuBrCr.1257  3960.3517  0.00030000  3960.35170000  0 2 0 2 20 f   -1.00000000

186) 0 2 0 2 19 e  in component 55 = -1.00000000
   10ToSuBrCr.1208  3960.8407  0.00030000  3960.84070000  0 2 2 2 18 e   -1.00000000
   10ToSuBrCr.1225  3976.4892  0.00030000  3976.48920000  0 2 2 2 20 e   -1.00000000

187) 0 2 2 2 18 e  in component 55 = -1.00000000
   10ToSuBrCr.1208  3960.8407  0.00030000  3960.84070000  0 2 0 2 19 e   -1.00000000
   10ToSuBrCr.1224  3975.8502  0.00030000  3975.85020000  0 2 0 2 17 e   -1.00000000

188) 0 2 0 2 19 f  in component 56 = -1.00000000
   10ToSuBrCr.1258  3960.8407  0.00030000  3960.84070000  0 2 2 2 18 f   -1.00000000
   10ToSuBrCr.1275  3976.4892  0.00030000  3976.48920000  0 2 2 2 20 f   -1.00000000

189) 0 2 2 2 18 f  in component 56 = -1.00000000
   10ToSuBrCr.1258  3960.8407  0.00030000  3960.84070000  0 2 0 2 19 f   -1.00000000
   10ToSuBrCr.1274  3975.8502  0.00030000  3975.85020000  0 2 0 2 17 f   -1.00000000

190) 0 2 0 2 18 e  in component 63 = -1.00000000
   10ToSuBrCr.1209  3961.3257  0.00030000  3961.32570000  0 2 2 2 17 e   -1.00000000

191) 0 2 2 2 17 e  in component 63 = -1.00000000
   10ToSuBrCr.1209  3961.3257  0.00030000  3961.32570000  0 2 0 2 18 e   -1.00000000
   10ToSuBrCr.1223  3975.5244  0.00030000  3975.52440000  0 2 0 2 16 e   -1.00000000

192) 0 2 0 2 18 f  in component 64 = -1.00000000
   10ToSuBrCr.1259  3961.3257  0.00030000  3961.32570000  0 2 2 2 17 f   -1.00000000

193) 0 2 2 2 17 f  in component 64 = -1.00000000
   10ToSuBrCr.1259  3961.3257  0.00030000  3961.32570000  0 2 0 2 18 f   -1.00000000
   10ToSuBrCr.1273  3975.5244  0.00030000  3975.52440000  0 2 0 2 16 f   -1.00000000

194) 0 2 0 2 17 e  in component 55 = -1.00000000
   10ToSuBrCr.1210  3961.806  0.00030000  3961.80600000  0 2 2 2 16 e   -1.00000000
   10ToSuBrCr.1224  3975.8502  0.00030000  3975.85020000  0 2 2 2 18 e   -1.00000000

195) 0 2 2 2 16 e  in component 55 = -1.00000000
   10ToSuBrCr.1210  3961.806  0.00030000  3961.80600000  0 2 0 2 17 e   -1.00000000

196) 0 2 0 2 17 f  in component 56 = -1.00000000
   10ToSuBrCr.1260  3961.806  0.00030000  3961.80600000  0 2 2 2 16 f   -1.00000000
   10ToSuBrCr.1274  3975.8502  0.00030000  3975.85020000  0 2 2 2 18 f   -1.00000000

197) 0 2 2 2 16 f  in component 56 = -1.00000000
   10ToSuBrCr.1260  3961.806  0.00030000  3961.80600000  0 2 0 2 17 f   -1.00000000

198) 0 2 0 2 16 e  in component 63 = -1.00000000
   10ToSuBrCr.1211  3962.2822  0.00030000  3962.28220000  0 2 2 2 15 e   -1.00000000
   10ToSuBrCr.1223  3975.5244  0.00030000  3975.52440000  0 2 2 2 17 e   -1.00000000

199) 0 2 2 2 15 e  in component 63 = -1.00000000
   10ToSuBrCr.1211  3962.2822  0.00030000  3962.28220000  0 2 0 2 16 e   -1.00000000

200) 0 2 0 2 16 f  in component 64 = -1.00000000
   10ToSuBrCr.1261  3962.2822  0.00030000  3962.28220000  0 2 2 2 15 f   -1.00000000
   10ToSuBrCr.1273  3975.5244  0.00030000  3975.52440000  0 2 2 2 17 f   -1.00000000

201) 0 2 2 2 15 f  in component 64 = -1.00000000
   10ToSuBrCr.1261  3962.2822  0.00030000  3962.28220000  0 2 0 2 16 f   -1.00000000

202) 0 2 0 2 15 e  in component 65 = -1.00000000
   10ToSuBrCr.1212  3962.7546  0.00030000  3962.75460000  0 2 2 2 14 e   -1.00000000

203) 0 2 2 2 14 e  in component 65 = -1.00000000
   10ToSuBrCr.1212  3962.7546  0.00030000  3962.75460000  0 2 0 2 15 e   -1.00000000

204) 0 2 0 2 15 f  in component 66 = -1.00000000
   10ToSuBrCr.1262  3962.7546  0.00030000  3962.75460000  0 2 2 2 14 f   -1.00000000

205) 0 2 2 2 14 f  in component 66 = -1.00000000
   10ToSuBrCr.1262  3962.7546  0.00030000  3962.75460000  0 2 0 2 15 f   -1.00000000

206) 0 2 0 2 14 e  in component 67 = -1.00000000
   10ToSuBrCr.1213  3963.2217  0.00030000  3963.22170000  0 2 2 2 13 e   -1.00000000

207) 0 2 2 2 13 e  in component 67 = -1.00000000
   10ToSuBrCr.1213  3963.2217  0.00030000  3963.22170000  0 2 0 2 14 e   -1.00000000
   10ToSuBrCr.1222  3974.1754  0.00030000  3974.17540000  0 2 0 2 12 e   -1.00000000

208) 0 2 0 2 14 f  in component 68 = -1.00000000
   10ToSuBrCr.1263  3963.2217  0.00030000  3963.22170000  0 2 2 2 13 f   -1.00000000

209) 0 2 2 2 13 f  in component 68 = -1.00000000
   10ToSuBrCr.1263  3963.2217  0.00030000  3963.22170000  0 2 0 2 14 f   -1.00000000
   10ToSuBrCr.1272  3974.1754  0.00030000  3974.17540000  0 2 0 2 12 f   -1.00000000

210) 0 2 0 2 13 e  in component 69 = -1.00000000
   10ToSuBrCr.1214  3963.6848  0.00030000  3963.68480000  0 2 2 2 12 e   -1.00000000

211) 0 2 2 2 12 e  in component 69 = -1.00000000
   10ToSuBrCr.1214  3963.6848  0.00030000  3963.68480000  0 2 0 2 13 e   -1.00000000
   10ToSuBrCr.1221  3973.8274  0.00030000  3973.82740000  0 2 0 2 11 e   -1.00000000

212) 0 2 0 2 13 f  in component 70 = -1.00000000
   10ToSuBrCr.1264  3963.6848  0.00030000  3963.68480000  0 2 2 2 12 f   -1.00000000

213) 0 2 2 2 12 f  in component 70 = -1.00000000
   10ToSuBrCr.1264  3963.6848  0.00030000  3963.68480000  0 2 0 2 13 f   -1.00000000
   10ToSuBrCr.1271  3973.8274  0.00030000  3973.82740000  0 2 0 2 11 f   -1.00000000

214) 0 2 0 2 12 e  in component 67 = -1.00000000
   10ToSuBrCr.1215  3964.1433  0.00030000  3964.14330000  0 2 2 2 11 e   -1.00000000
   10ToSuBrCr.1222  3974.1754  0.00030000  3974.17540000  0 2 2 2 13 e   -1.00000000

215) 0 2 2 2 11 e  in component 67 = -1.00000000
   10ToSuBrCr.1215  3964.1433  0.00030000  3964.14330000  0 2 0 2 12 e   -1.00000000

216) 0 2 0 2 12 f  in component 68 = -1.00000000
   10ToSuBrCr.1265  3964.1433  0.00030000  3964.14330000  0 2 2 2 11 f   -1.00000000
   10ToSuBrCr.1272  3974.1754  0.00030000  3974.17540000  0 2 2 2 13 f   -1.00000000

217) 0 2 2 2 11 f  in component 68 = -1.00000000
   10ToSuBrCr.1265  3964.1433  0.00030000  3964.14330000  0 2 0 2 12 f   -1.00000000

218) 0 2 0 2 10 e  in component 71 = -1.00000000
   10ToSuBrCr.1216  3965.0472  0.00030000  3965.04720000  0 2 2 2 9 e   -1.00000000

219) 0 2 2 2 9 e  in component 71 = -1.00000000
   10ToSuBrCr.1216  3965.0472  0.00030000  3965.04720000  0 2 0 2 10 e   -1.00000000
   10ToSuBrCr.1219  3972.7562  0.00030000  3972.75620000  0 2 0 2 8 e   -1.00000000

220) 0 2 0 2 10 f  in component 72 = -1.00000000
   10ToSuBrCr.1266  3965.0472  0.00030000  3965.04720000  0 2 2 2 9 f   -1.00000000

221) 0 2 2 2 9 f  in component 72 = -1.00000000
   10ToSuBrCr.1266  3965.0472  0.00030000  3965.04720000  0 2 0 2 10 f   -1.00000000
   10ToSuBrCr.1269  3972.7562  0.00030000  3972.75620000  0 2 0 2 8 f   -1.00000000

222) 0 2 0 2 8 e  in component 71 = -1.00000000
   10ToSuBrCr.1217  3965.9329  0.00030000  3965.93290000  0 2 2 2 7 e   -1.00000000
   10ToSuBrCr.1219  3972.7562  0.00030000  3972.75620000  0 2 2 2 9 e   -1.00000000

223) 0 2 2 2 7 e  in component 71 = -1.00000000
   10ToSuBrCr.1217  3965.9329  0.00030000  3965.93290000  0 2 0 2 8 e   -1.00000000

224) 0 2 0 2 8 f  in component 72 = -1.00000000
   10ToSuBrCr.1267  3965.9329  0.00030000  3965.93290000  0 2 2 2 7 f   -1.00000000
   10ToSuBrCr.1269  3972.7562  0.00030000  3972.75620000  0 2 2 2 9 f   -1.00000000

225) 0 2 2 2 7 f  in component 72 = -1.00000000
   10ToSuBrCr.1267  3965.9329  0.00030000  3965.93290000  0 2 0 2 8 f   -1.00000000

226) 0 2 0 2 5 e  in component 73 = -1.00000000
   10ToSuBrCr.1218  3971.645  0.00030000  3971.64500000  0 2 2 2 6 e   -1.00000000

227) 0 2 2 2 6 e  in component 73 = -1.00000000
   10ToSuBrCr.1218  3971.645  0.00030000  3971.64500000  0 2 0 2 5 e   -1.00000000

228) 0 2 0 2 5 f  in component 74 = -1.00000000
   10ToSuBrCr.1268  3971.645  0.00030000  3971.64500000  0 2 2 2 6 f   -1.00000000

229) 0 2 2 2 6 f  in component 74 = -1.00000000
   10ToSuBrCr.1268  3971.645  0.00030000  3971.64500000  0 2 0 2 5 f   -1.00000000

230) 0 2 0 2 9 e  in component 75 = -1.00000000
   10ToSuBrCr.1220  3973.1176  0.00030000  3973.11760000  0 2 2 2 10 e   -1.00000000

231) 0 2 2 2 10 e  in component 75 = -1.00000000
   10ToSuBrCr.1220  3973.1176  0.00030000  3973.11760000  0 2 0 2 9 e   -1.00000000

232) 0 2 0 2 9 f  in component 76 = -1.00000000
   10ToSuBrCr.1270  3973.1176  0.00030000  3973.11760000  0 2 2 2 10 f   -1.00000000

233) 0 2 2 2 10 f  in component 76 = -1.00000000
   10ToSuBrCr.1270  3973.1176  0.00030000  3973.11760000  0 2 0 2 9 f   -1.00000000

234) 0 2 0 2 11 e  in component 69 = -1.00000000
   10ToSuBrCr.1221  3973.8274  0.00030000  3973.82740000  0 2 2 2 12 e   -1.00000000

235) 0 2 0 2 11 f  in component 70 = -1.00000000
   10ToSuBrCr.1271  3973.8274  0.00030000  3973.82740000  0 2 2 2 12 f   -1.00000000

236) 0 2 2 2 23 e  in component 59 = -1.00000000
   10ToSuBrCr.1227  3977.4138  0.00030000  3977.41380000  0 2 0 2 22 e   -1.00000000

237) 0 2 2 2 23 f  in component 60 = -1.00000000
   10ToSuBrCr.1277  3977.4138  0.00030000  3977.41380000  0 2 0 2 22 f   -1.00000000

238) 0 2 0 2 24 e  in component 57 = -1.00000000
   10ToSuBrCr.1229  3978.0082  0.00030000  3978.00820000  0 2 2 2 25 e   -1.00000000

239) 0 2 0 2 24 f  in component 58 = -1.00000000
   10ToSuBrCr.1279  3978.0082  0.00030000  3978.00820000  0 2 2 2 25 f   -1.00000000

240) 0 2 2 2 30 e  in component 53 = -1.00000000
   10ToSuBrCr.1232  3979.4161  0.00030000  3979.41610000  0 2 0 2 29 e   -1.00000000

241) 0 2 2 2 30 f  in component 54 = -1.00000000
   10ToSuBrCr.1282  3979.4161  0.00030000  3979.41610000  0 2 0 2 29 f   -1.00000000

242) 0 2 2 2 33 e  in component 51 = -1.00000000
   10ToSuBrCr.1234  3980.2069  0.00050000  3980.20690000  0 2 0 2 32 e   -1.00000000

243) 0 2 2 2 33 f  in component 52 = -1.00000000
   10ToSuBrCr.1284  3980.2069  0.00050000  3980.20690000  0 2 0 2 32 f   -1.00000000

244) 0 2 0 2 33 e  in component 49 = -1.00000000
   10ToSuBrCr.1235  3980.4619  0.00050000  3980.46190000  0 2 2 2 34 e   -1.00000000

245) 0 2 0 2 33 f  in component 50 = -1.00000000
   10ToSuBrCr.1285  3980.4619  0.00050000  3980.46190000  0 2 2 2 34 f   -1.00000000

246) 0 2 2 2 41 e  in component 41 = -1.00000000
   10ToSuBrCr.1237  3982.1207  0.00120000  3982.12070000  0 2 0 2 40 e   -1.00000000

247) 0 2 2 2 41 f  in component 42 = -1.00000000
   10ToSuBrCr.1287  3982.1207  0.00120000  3982.12070000  0 2 0 2 40 f   -1.00000000

248) 0 2 0 2 41 e  in component 77 = -1.00000000
   10ToSuBrCr.1238  3982.3392  0.00140000  3982.33920000  0 2 2 2 42 e   -1.00000000

249) 0 2 2 2 42 e  in component 77 = -1.00000000
   10ToSuBrCr.1238  3982.3392  0.00140000  3982.33920000  0 2 0 2 41 e   -1.00000000

250) 0 2 0 2 41 f  in component 78 = -1.00000000
   10ToSuBrCr.1288  3982.3392  0.00140000  3982.33920000  0 2 2 2 42 f   -1.00000000

251) 0 2 2 2 42 f  in component 78 = -1.00000000
   10ToSuBrCr.1288  3982.3392  0.00140000  3982.33920000  0 2 0 2 41 f   -1.00000000

252) 0 2 0 2 45 e  in component 79 = -1.00000000
   10ToSuBrCr.1239  3983.1706  0.00210000  3983.17060000  0 2 2 2 46 e   -1.00000000

253) 0 2 2 2 46 e  in component 79 = -1.00000000
   10ToSuBrCr.1239  3983.1706  0.00210000  3983.17060000  0 2 0 2 45 e   -1.00000000

254) 0 2 0 2 45 f  in component 80 = -1.00000000
   10ToSuBrCr.1289  3983.1706  0.00210000  3983.17060000  0 2 2 2 46 f   -1.00000000

255) 0 2 2 2 46 f  in component 80 = -1.00000000
   10ToSuBrCr.1289  3983.1706  0.00210000  3983.17060000  0 2 0 2 45 f   -1.00000000

256) 0 2 0 2 46 e  in component 81 = -1.00000000
   10ToSuBrCr.1240  3983.3674  0.00240000  3983.36740000  0 2 2 2 47 e   -1.00000000

257) 0 2 2 2 47 e  in component 81 = -1.00000000
   10ToSuBrCr.1240  3983.3674  0.00240000  3983.36740000  0 2 0 2 46 e   -1.00000000

258) 0 2 0 2 46 f  in component 82 = -1.00000000
   10ToSuBrCr.1290  3983.3674  0.00240000  3983.36740000  0 2 2 2 47 f   -1.00000000

259) 0 2 2 2 47 f  in component 82 = -1.00000000
   10ToSuBrCr.1290  3983.3674  0.00240000  3983.36740000  0 2 0 2 46 f   -1.00000000

260) 0 0 0 0 3 e  in component 0 = -1.00000000
   73MaJo.2  1.2132189796449115  0.00000100  1.21321898  0 0 0 0 2 e   -1.00000000

261) 2 0 0 0 1 e  in component 83 = -1.00000000
   73MaJo.4  0.8039741947077268  0.00000133  0.80397419  2 0 0 0 2 e   -1.00000000

262) 2 0 0 0 2 e  in component 83 = -1.00000000
   73MaJo.4  0.8039741947077268  0.00000133  0.80397419  2 0 0 0 1 e   -1.00000000
   73MaJo.16  1.2059566221642575  0.00000334  1.20595662  2 0 0 0 3 e   -1.00000000

263) 0 0 1 0 2 e  in component 0 = -1.00000000
   73MaJo.5  0.8042430473684565  0.00000334  0.80424305  0 0 1 0 1 e   -1.00000000
   73MaJo.17  1.2063585668989711  0.00000334  1.20635857  0 0 1 0 3 e   -1.00000000

264) 1 0 0 0 1 e  in component 0 = -1.00000000
   73MaJo.6  0.806416250805082  0.00000067  0.80641625  1 0 0 0 2 e   -1.00000000
   81WePeMa.31  853.6584365974944  0.00016678  853.65843660  0 0 0 0 2 e   -1.00000000
   81WePeMa.42  853.6582998362154  0.00053370  853.65829984  0 0 0 0 2 e   -1.00000000

265) 1 0 0 0 2 e  in component 0 = -1.00000000
   73MaJo.6  0.806416250805082  0.00000067  0.80641625  1 0 0 0 1 e   -1.00000000
   73MaJo.18  1.2096188223654378  0.00000334  1.20961882  1 0 0 0 3 e   -1.00000000

266) 1 1 0 1 1 e  in component 84 = -1.00000000
   73MaJo.7  0.807501168024714  0.00000133  0.80750117  1 1 0 1 2 e   -1.00000000

267) 1 1 0 1 2 e  in component 84 = -1.00000000
   73MaJo.7  0.807501168024714  0.00000133  0.80750117  1 1 0 1 1 e   -1.00000000

268) 1 1 0 1 1 f  in component 85 = -1.00000000
   73MaJo.8  0.808443886870563  0.00000133  0.80844389  1 1 0 1 2 f   -1.00000000

269) 1 1 0 1 2 f  in component 85 = -1.00000000
   73MaJo.8  0.808443886870563  0.00000133  0.80844389  1 1 0 1 1 f   -1.00000000

270) 1 2 0 0 1 e  in component 86 = -1.00000000
   73MaJo.9  0.8090490388520715  0.00000167  0.80904904  1 2 0 0 2 e   -1.00000000

271) 1 2 0 0 2 e  in component 86 = -1.00000000
   73MaJo.9  0.8090490388520715  0.00000167  0.80904904  1 2 0 0 1 e   -1.00000000

272) 0 2 0 0 1 e  in component 87 = -1.00000000
   73MaJo.12  0.8111265427497846  0.00000067  0.81112654  0 2 0 0 2 e   -1.00000000

273) 0 2 0 0 2 e  in component 87 = -1.00000000
   73MaJo.12  0.8111265427497846  0.00000067  0.81112654  0 2 0 0 1 e   -1.00000000
   73MaJo.21  1.216687712670877  0.00000334  1.21668771  0 2 0 0 3 e   -1.00000000

274) 0 3 0 1 1 e  in component 88 = -1.00000000
   73MaJo.13  0.8113252802377037  0.00000133  0.81132528  0 3 0 1 2 e   -1.00000000

275) 0 3 0 1 2 e  in component 88 = -1.00000000
   73MaJo.13  0.8113252802377037  0.00000133  0.81132528  0 3 0 1 1 e   -1.00000000
   73MaJo.29  1.216986852951451  0.00000100  1.21698685  0 3 0 1 3 e   -1.00000000

276) 0 3 0 1 1 f  in component 89 = -1.00000000
   73MaJo.14  0.8130044418929312  0.00000167  0.81300444  0 3 0 1 2 f   -1.00000000

277) 0 3 0 1 2 f  in component 89 = -1.00000000
   73MaJo.14  0.8130044418929312  0.00000167  0.81300444  0 3 0 1 1 f   -1.00000000
   73MaJo.23  1.219503994326635  0.00000334  1.21950399  0 3 0 1 3 f   -1.00000000

278) 0 4 0 0 1 e  in component 90 = -1.00000000
   73MaJo.15  0.812854338050092  0.00000334  0.81285434  0 4 0 0 2 e   -1.00000000

279) 0 4 0 0 2 e  in component 90 = -1.00000000
   73MaJo.15  0.812854338050092  0.00000334  0.81285434  0 4 0 0 1 e   -1.00000000

280) 2 0 0 0 3 e  in component 83 = -1.00000000
   73MaJo.16  1.2059566221642575  0.00000334  1.20595662  2 0 0 0 2 e   -1.00000000

281) 0 0 1 0 3 e  in component 0 = -1.00000000
   73MaJo.17  1.2063585668989711  0.00000334  1.20635857  0 0 1 0 2 e   -1.00000000

282) 1 0 0 0 3 e  in component 0 = -1.00000000
   73MaJo.18  1.2096188223654378  0.00000334  1.20961882  1 0 0 0 2 e   -1.00000000
   81WePeMa.41  852.84453686957  0.00066713  852.84453687  0 0 0 0 4 e   -1.00000000

283) 1 2 0 2 2 e  in component 91 = -1.00000000
   73MaJo.19  1.214199658084794  0.00000334  1.21419966  1 2 0 2 3 e   -1.00000000

284) 1 2 0 2 3 e  in component 91 = -1.00000000
   73MaJo.19  1.214199658084794  0.00000334  1.21419966  1 2 0 2 2 e   -1.00000000

285) 0 2 0 0 3 e  in component 87 = -1.00000000
   73MaJo.21  1.216687712670877  0.00000334  1.21668771  0 2 0 0 2 e   -1.00000000

286) 0 2 0 2 2 e  in component 92 = -1.00000000
   73MaJo.22  1.2171995000621396  0.00000133  1.21719950  0 2 0 2 3 e   -1.00000000

287) 0 2 0 2 3 e  in component 92 = -1.00000000
   73MaJo.22  1.2171995000621396  0.00000133  1.21719950  0 2 0 2 2 e   -1.00000000

288) 0 3 0 1 3 f  in component 89 = -1.00000000
   73MaJo.23  1.219503994326635  0.00000334  1.21950399  0 3 0 1 2 f   -1.00000000

289) 0 3 0 3 4 e  in component 93 = -1.00000000
   73MaJo.24  2.031919528809494  0.00000067  2.03191953  0 3 0 3 5 e   -1.00000000

290) 0 3 0 3 5 e  in component 93 = -1.00000000
   73MaJo.24  2.031919528809494  0.00000067  2.03191953  0 3 0 3 4 e   -1.00000000

291) 0 3 0 1 4 f  in component 94 = -1.00000000
   73MaJo.25  2.032490757322521  0.00000083  2.03249076  0 3 0 1 5 f   -1.00000000

292) 0 3 0 1 5 f  in component 94 = -1.00000000
   73MaJo.25  2.032490757322521  0.00000083  2.03249076  0 3 0 1 4 f   -1.00000000

293) 0 4 0 2 4 e  in component 95 = -1.00000000
   73MaJo.26  2.0330781636941646  0.00000200  2.03307816  0 4 0 2 5 e   -1.00000000

294) 0 4 0 2 5 e  in component 95 = -1.00000000
   73MaJo.26  2.0330781636941646  0.00000200  2.03307816  0 4 0 2 4 e   -1.00000000

295) 1 0 0 0 9 e  in component 5 = 866.54294568
   73MaJo.27  4.03190062906786  0.00000167  -0.00000000  1 0 0 0 10 e   870.57484631

296) 1 0 0 0 10 e  in component 5 = 870.57484631
   73MaJo.27  4.03190062906786  0.00000167  -0.00000000  1 0 0 0 9 e   866.54294568
   81WePeMa.38  849.9543040539065  0.00160111  0.00000004  0 0 0 0 11 e   20.62054230

297) 0 2 0 0 9 e  in component 96 = -1.00000000
   73MaJo.28  4.055487613367512  0.00000233  4.05548761  0 2 0 0 10 e   -1.00000000

298) 0 2 0 0 10 e  in component 96 = -1.00000000
   73MaJo.28  4.055487613367512  0.00000233  4.05548761  0 2 0 0 9 e   -1.00000000

299) 0 0 0 0 14 e  in component 5 = 36.39130162
   74LaWi.2  5.661238082246886  0.00000033  0.00000000  0 0 0 0 13 e   30.73006353
   74LaWi.3  6.0655364785727865  0.00000033  -0.00000000  0 0 0 0 15 e   42.45683810
   81WePeMa.30  860.3898034019255  0.00020014  0.00000565  1 0 0 0 15 e   896.78109937
   81WePeMa.35  848.6976013252474  0.00200138  0.00026033  1 0 0 0 13 e   885.08864262
   81WePeMa.47  860.3897900593616  0.00160111  -0.00000769  1 0 0 0 15 e   896.78109937

300) 0 3 0 1 3 e  in component 88 = -1.00000000
   73MaJo.29  1.216986852951451  0.00000100  1.21698685  0 3 0 1 2 e   -1.00000000

301) 0 0 0 0 90 e  in component 97 = -1.00000000
   81WePeMa.21  886.0451686212866  0.00016678  886.04516862  1 0 0 0 91 e   -1.00000000

302) 1 0 0 0 91 e  in component 97 = -1.00000000
   81WePeMa.21  886.0451686212866  0.00016678  886.04516862  0 0 0 0 90 e   -1.00000000

303) 0 0 0 0 71 e  in component 98 = -1.00000000
   81WePeMa.22  880.3394813888214  0.00013343  880.33948139  1 0 0 0 72 e   -1.00000000

304) 1 0 0 0 72 e  in component 98 = -1.00000000
   81WePeMa.22  880.3394813888214  0.00013343  880.33948139  0 0 0 0 71 e   -1.00000000

305) 0 0 0 0 65 e  in component 99 = -1.00000000
   81WePeMa.23  878.4363681357188  0.00020014  878.43636814  1 0 0 0 66 e   -1.00000000

306) 1 0 0 0 66 e  in component 99 = -1.00000000
   81WePeMa.23  878.4363681357188  0.00020014  878.43636814  0 0 0 0 65 e   -1.00000000

307) 0 0 0 0 53 e  in component 100 = -1.00000000
   81WePeMa.24  874.488056667523  0.00010007  874.48805667  1 0 0 0 54 e   -1.00000000

308) 1 0 0 0 54 e  in component 100 = -1.00000000
   81WePeMa.24  874.488056667523  0.00010007  874.48805667  0 0 0 0 53 e   -1.00000000

309) 0 0 0 0 45 e  in component 101 = -1.00000000
   81WePeMa.25  871.7522940487048  0.00020014  871.75229405  1 0 0 0 46 e   -1.00000000

310) 1 0 0 0 46 e  in component 101 = -1.00000000
   81WePeMa.25  871.7522940487048  0.00020014  871.75229405  0 0 0 0 45 e   -1.00000000

311) 1 0 0 0 34 e  in component 3 = -1.00000000
   81WePeMa.26  867.4960728998726  0.00016678  867.49607290  0 0 0 0 33 e   -1.00000000

312) 0 0 0 0 30 e  in component 22 = -1.00000000
   81WePeMa.27  866.4036371455348  0.00006671  866.40363715  1 0 0 0 31 e   -1.00000000
   80MaOlSa.44  1713.1191  0.00390000  1713.11910000  2 0 0 0 31 e   -1.00000000

313) 1 0 0 0 20 e  in component 5 = 933.06466883
   81WePeMa.28  862.3030236471126  0.00010007  0.00000000  0 0 0 0 19 e   70.76164518
   81WePeMa.33  845.7253117421653  0.00086727  0.00000000  0 0 0 0 21 e   87.33935709

314) 1 0 0 0 17 e  in component 5 = 910.08540562
   81WePeMa.29  861.1587486967401  0.00013343  -0.00000000  0 0 0 0 16 e   48.92665693

315) 0 0 0 0 38 e  in component 102 = -1.00000000
   81WePeMa.32  838.2646837633254  0.00100069  838.26468376  1 0 0 0 37 e   -1.00000000
   81WePeMa.54  869.2916150679148  0.00133426  869.29161507  1 0 0 0 39 e   -1.00000000

316) 1 0 0 0 37 e  in component 102 = -1.00000000
   81WePeMa.32  838.2646837633254  0.00100069  838.26468376  0 0 0 0 38 e   -1.00000000

317) 0 0 0 0 21 e  in component 5 = 87.33935709
   81WePeMa.33  845.7253117421653  0.00086727  0.00000000  1 0 0 0 20 e   933.06466883
   81WePeMa.50  863.0598038593753  0.00080055  0.00000000  1 0 0 0 22 e   950.39916095
   80MaOlSa.30  1692.7915  0.00390000  0.00000000  2 0 0 0 20 e   1780.13085709

318) 1 0 0 0 19 e  in component 5 = 925.00206350
   81WePeMa.34  846.1543085249997  0.00266851  -0.00000000  0 0 0 0 20 e   78.84775497
   81WePeMa.49  861.9229840665305  0.00133426  0.00000000  0 0 0 0 18 e   63.07907943

319) 1 0 0 0 13 e  in component 5 = 885.08864262
   81WePeMa.35  848.6976013252474  0.00200138  0.00026033  0 0 0 0 14 e   36.39130162
   81WePeMa.45  859.6153876559497  0.00133426  -0.00011570  0 0 0 0 12 e   25.47313926

320) 1 0 0 0 12 e  in component 5 = 879.84814003
   81WePeMa.36  849.1178920851971  0.00173453  -0.00018441  0 0 0 0 13 e   30.73006353
   81WePeMa.44  859.2276861081008  0.00120083  0.00008838  0 0 0 0 11 e   20.62054230

321) 1 0 0 0 11 e  in component 5 = 875.00965428
   81WePeMa.37  849.5365150246708  0.00173453  -0.00000000  0 0 0 0 12 e   25.47313926

322) 1 0 0 0 5 e  in component 5 = 854.44791166
   81WePeMa.39  852.021500821078  0.00253509  0.00000000  0 0 0 0 6 e   2.42641084

323) 1 0 0 0 4 e  in component 5 = 852.43468667
   81WePeMa.40  852.4346866658  0.00083391  0.00000000  0 0 0 0 5 e   0.00000000

324) 0 0 0 0 4 e  in component 0 = -1.00000000
   81WePeMa.41  852.84453686957  0.00066713  852.84453687  1 0 0 0 3 e   -1.00000000

325) 1 0 0 0 0 e  in component 0 = -1.00000000
   81WePeMa.43  854.0639137759763  0.00040028  854.06391378  0 0 0 0 1 e   -1.00000000

326) 1 0 0 0 14 e  in component 5 = 890.73335288
   81WePeMa.46  860.0032893422556  0.00166782  0.00000000  0 0 0 0 13 e   30.73006353

327) 1 0 0 0 16 e  in component 5 = 903.23162783
   81WePeMa.48  860.7747897380394  0.00160111  0.00000000  0 0 0 0 15 e   42.45683810

328) 1 0 0 0 22 e  in component 5 = 950.39916095
   81WePeMa.50  863.0598038593753  0.00080055  0.00000000  0 0 0 0 21 e   87.33935709

329) 0 0 0 0 22 e  in component 103 = -1.00000000
   81WePeMa.51  863.4375985535967  0.00066713  863.43759855  1 0 0 0 23 e   -1.00000000

330) 1 0 0 0 23 e  in component 103 = -1.00000000
   81WePeMa.51  863.4375985535967  0.00066713  863.43759855  0 0 0 0 22 e   -1.00000000

331) 1 0 0 0 32 e  in component 22 = -1.00000000
   81WePeMa.52  866.7692033800263  0.00040028  866.76920338  0 0 0 0 31 e   -1.00000000

332) 0 0 0 0 37 e  in component 104 = -1.00000000
   81WePeMa.53  868.9347014860527  0.00120083  868.93470149  1 0 0 0 38 e   -1.00000000

333) 1 0 0 0 38 e  in component 104 = -1.00000000
   81WePeMa.53  868.9347014860527  0.00120083  868.93470149  0 0 0 0 37 e   -1.00000000

334) 1 0 0 0 39 e  in component 102 = -1.00000000
   81WePeMa.54  869.2916150679148  0.00133426  869.29161507  0 0 0 0 38 e   -1.00000000

335) 0 0 0 0 39 e  in component 105 = -1.00000000
   81WePeMa.55  869.6466940472532  0.00133426  869.64669405  1 0 0 0 40 e   -1.00000000
   80MaOlSa.23  1684.2332  0.00390000  1684.23320000  2 0 0 0 38 e   -1.00000000

336) 1 0 0 0 40 e  in component 105 = -1.00000000
   81WePeMa.55  869.6466940472532  0.00133426  869.64669405  0 0 0 0 39 e   -1.00000000

337) 0 0 0 0 40 e  in component 106 = -1.00000000
   81WePeMa.56  870.0010058291726  0.00100069  870.00100583  1 0 0 0 41 e   -1.00000000
   80MaOlSa.22  1683.7358  0.00390000  1683.73580000  2 0 0 0 39 e   -1.00000000

338) 1 0 0 0 41 e  in component 106 = -1.00000000
   81WePeMa.56  870.0010058291726  0.00100069  870.00100583  0 0 0 0 40 e   -1.00000000

339) 0 0 0 0 55 e  in component 107 = -1.00000000
   81WePeMa.57  875.1591075716788  0.00080055  875.15910757  1 0 0 0 56 e   -1.00000000

340) 1 0 0 0 56 e  in component 107 = -1.00000000
   81WePeMa.57  875.1591075716788  0.00080055  875.15910757  0 0 0 0 55 e   -1.00000000

341) 0 0 0 0 56 e  in component 108 = -1.00000000
   81WePeMa.58  875.4926049540579  0.00100069  875.49260495  1 0 0 0 57 e   -1.00000000

342) 1 0 0 0 57 e  in component 108 = -1.00000000
   81WePeMa.58  875.4926049540579  0.00100069  875.49260495  0 0 0 0 56 e   -1.00000000

343) 0 0 0 0 57 e  in component 109 = -1.00000000
   81WePeMa.59  875.8251016441515  0.00106741  875.82510164  1 0 0 0 58 e   -1.00000000

344) 1 0 0 0 58 e  in component 109 = -1.00000000
   81WePeMa.59  875.8251016441515  0.00106741  875.82510164  0 0 0 0 57 e   -1.00000000

345) 1 0 0 0 60 e  in component 6 = -1.00000000
   81WePeMa.61  876.4855919090533  0.00146768  876.48559191  0 0 0 0 59 e   -1.00000000

346) 0 0 0 0 60 e  in component 110 = -1.00000000
   81WePeMa.62  876.8145861761473  0.00146768  876.81458618  1 0 0 0 61 e   -1.00000000

347) 1 0 0 0 61 e  in component 110 = -1.00000000
   81WePeMa.62  876.8145861761473  0.00146768  876.81458618  0 0 0 0 60 e   -1.00000000

348) 0 0 0 0 61 e  in component 111 = -1.00000000
   81WePeMa.63  877.1411120689366  0.00173453  877.14111207  1 0 0 0 62 e   -1.00000000

349) 1 0 0 0 62 e  in component 111 = -1.00000000
   81WePeMa.63  877.1411120689366  0.00173453  877.14111207  0 0 0 0 61 e   -1.00000000

350) 0 0 0 0 62 e  in component 112 = -1.00000000
   81WePeMa.64  877.4674044668595  0.00183460  877.46740447  1 0 0 0 63 e   -1.00000000

351) 1 0 0 0 63 e  in component 112 = -1.00000000
   81WePeMa.64  877.4674044668595  0.00183460  877.46740447  0 0 0 0 62 e   -1.00000000

352) 0 0 0 0 63 e  in component 113 = -1.00000000
   81WePeMa.65  877.7914953417541  0.00093398  877.79149534  1 0 0 0 64 e   -1.00000000

353) 1 0 0 0 64 e  in component 113 = -1.00000000
   81WePeMa.65  877.7914953417541  0.00093398  877.79149534  0 0 0 0 63 e   -1.00000000

354) 0 0 1 0 16 e  in component 5 = 2057.84400810
   85HuFoJoMc.1  2015.38717  0.00030000  -0.00000000  0 0 0 0 15 e   42.45683810

355) 0 0 1 0 17 e  in component 5 = 2064.67927693
   85HuFoJoMc.2  2015.75262  0.00030000  0.00000000  0 0 0 0 16 e   48.92665693

356) 0 0 1 0 18 e  in component 5 = 2071.91631430
   85HuFoJoMc.3  2016.11557  0.00030000  0.00000000  0 0 0 0 17 e   55.80074430

357) 0 0 1 0 19 e  in component 5 = 2079.55543943
   85HuFoJoMc.4  2016.47636  0.00030000  0.00000000  0 0 0 0 18 e   63.07907943

358) 0 0 1 0 21 e  in component 5 = 2096.03863497
   85HuFoJoMc.5  2017.19088  0.00030000  0.00000000  0 0 0 0 20 e   78.84775497

359) 0 1 1 1 37 e  in component 14 = -1.00000000
   85HuFoJoMc.6  2015.81328  0.00030000  2015.81328000  0 1 0 1 36 e   -1.00000000

360) 0 1 1 1 37 f  in component 14 = -1.00000000
   85HuFoJoMc.7  2015.83646  0.00030000  2015.83646000  0 1 0 1 36 f   -1.00000000

361) 0 1 1 1 38 f  in component 15 = -1.00000000
   85HuFoJoMc.8  2016.15534  0.00030000  2016.15534000  0 1 0 1 37 f   -1.00000000

362) 0 1 1 1 40 e  in component 17 = -1.00000000
   85HuFoJoMc.9  2016.7614  0.00030000  2016.76140000  0 1 0 1 39 e   -1.00000000

363) 0 1 1 1 41 e  in component 18 = -1.00000000
   85HuFoJoMc.10  2017.07289  0.00030000  2017.07289000  0 1 0 1 40 e   -1.00000000

364) 0 1 1 1 41 f  in component 18 = -1.00000000
   85HuFoJoMc.11  2017.09852  0.00030000  2017.09852000  0 1 0 1 40 f   -1.00000000

365) 0 0 0 0 43 e  in component 114 = -1.00000000
   80MaOlSa.21  1682.2213  0.00390000  1682.22130000  2 0 0 0 42 e   -1.00000000

366) 2 0 0 0 42 e  in component 114 = -1.00000000
   80MaOlSa.21  1682.2213  0.00390000  1682.22130000  0 0 0 0 43 e   -1.00000000

367) 2 0 0 0 39 e  in component 106 = -1.00000000
   80MaOlSa.22  1683.7358  0.00390000  1683.73580000  0 0 0 0 40 e   -1.00000000

368) 2 0 0 0 38 e  in component 105 = -1.00000000
   80MaOlSa.23  1684.2332  0.00390000  1684.23320000  0 0 0 0 39 e   -1.00000000

369) 0 0 0 0 28 e  in component 115 = -1.00000000
   80MaOlSa.24  1689.5521  0.00390000  1689.55210000  2 0 0 0 27 e   -1.00000000
   80MaOlSa.42  1712.462  0.00390000  1712.46200000  2 0 0 0 29 e   -1.00000000

370) 2 0 0 0 27 e  in component 115 = -1.00000000
   80MaOlSa.24  1689.5521  0.00390000  1689.55210000  0 0 0 0 28 e   -1.00000000

371) 0 0 0 0 27 e  in component 4 = -1.00000000
   80MaOlSa.25  1690.0265  0.00390000  1690.02650000  2 0 0 0 26 e   -1.00000000
   80MaOlSa.41  1712.1274  0.00390000  1712.12740000  2 0 0 0 28 e   -1.00000000

372) 2 0 0 0 25 e  in component 4 = -1.00000000
   80MaOlSa.26  1690.4926  0.00390000  1690.49260000  0 0 0 0 26 e   -1.00000000

373) 2 0 0 0 24 e  in component 4 = -1.00000000
   80MaOlSa.27  1690.957  0.00390000  1690.95700000  0 0 0 0 25 e   -1.00000000

374) 2 0 0 0 23 e  in component 4 = -1.00000000
   80MaOlSa.28  1691.4192  0.00390000  1691.41920000  0 0 0 0 24 e   -1.00000000

375) 0 0 0 0 23 e  in component 116 = -1.00000000
   80MaOlSa.29  1691.8798  0.00390000  1691.87980000  2 0 0 0 22 e   -1.00000000

376) 2 0 0 0 22 e  in component 116 = -1.00000000
   80MaOlSa.29  1691.8798  0.00390000  1691.87980000  0 0 0 0 23 e   -1.00000000

377) 2 0 0 0 20 e  in component 5 = 1780.13085709
   80MaOlSa.30  1692.7915  0.00390000  0.00000000  0 0 0 0 21 e   87.33935709

378) 2 0 0 0 19 e  in component 5 = 1772.09525497
   80MaOlSa.31  1693.2475  0.00390000  0.00000000  0 0 0 0 20 e   78.84775497

379) 2 0 0 0 12 e  in component 5 = 1727.07436353
   80MaOlSa.32  1696.3443  0.00390000  0.00000000  0 0 0 0 13 e   30.73006353

380) 2 0 0 0 9 e  in component 5 = 1713.81368400
   80MaOlSa.33  1697.6414  0.00390000  0.00000044  0 0 0 0 10 e   16.17228443
   80MaOlSa.39  1705.3213  0.00390000  -0.00000044  0 0 0 0 8 e   8.49238356

381) 2 0 0 0 8 e  in component 5 = 1710.19567683
   80MaOlSa.34  1698.0673  0.00390000  -0.00000000  0 0 0 0 9 e   12.12837683

382) 2 0 0 0 7 e  in component 5 = 1706.98078356
   80MaOlSa.35  1698.4884  0.00390000  -0.00000000  0 0 0 0 8 e   8.49238356

383) 2 0 0 0 5 e  in component 5 = 1701.75391084
   80MaOlSa.37  1699.3275  0.00390000  0.00000000  0 0 0 0 6 e   2.42641084

384) 2 0 0 0 4 e  in component 5 = 1699.74420000
   80MaOlSa.38  1699.7442  0.00390000  0.00000000  0 0 0 0 5 e   0.00000000

385) 2 0 0 0 28 e  in component 4 = -1.00000000
   80MaOlSa.41  1712.1274  0.00390000  1712.12740000  0 0 0 0 27 e   -1.00000000

386) 2 0 0 0 29 e  in component 115 = -1.00000000
   80MaOlSa.42  1712.462  0.00390000  1712.46200000  0 0 0 0 28 e   -1.00000000

387) 0 0 0 0 29 e  in component 117 = -1.00000000
   80MaOlSa.43  1712.793  0.00390000  1712.79300000  2 0 0 0 30 e   -1.00000000

388) 2 0 0 0 30 e  in component 117 = -1.00000000
   80MaOlSa.43  1712.793  0.00390000  1712.79300000  0 0 0 0 29 e   -1.00000000

389) 0 3 0 1 27 f  in component 34 = -1.00000000
   79WePeMa.1  1033.4896116699506  0.00006671  1033.48961167  0 1 0 1 26 f   -1.00000000

390) 0 1 0 1 31 e  in component 118 = -1.00000000
   79WePeMa.2  1035.4687108239393  0.00006671  1035.46871082  0 3 0 1 32 e   -1.00000000

391) 0 3 0 1 32 e  in component 118 = -1.00000000
   79WePeMa.2  1035.4687108239393  0.00006671  1035.46871082  0 1 0 1 31 e   -1.00000000

